group,group_label,node_index,x1,x2,x3,x4,x5,x6,x7,x8,x9,x10,x11,weight
1,center,1,0.000000000000000000,0.000000000000000000,0.000000000000000000,0.000000000000000000,0.000000000000000000,0.000000000000000000,0.000000000000000000,0.000000000000000000,0.000000000000000000,0.000000000000000000,0.000000000000000000,2045.552040208192695564
2,axis_l2,1,-0.406057174738239546,0.000000000000000000,0.000000000000000000,0.000000000000000000,0.000000000000000000,0.000000000000000000,0.000000000000000000,0.000000000000000000,0.000000000000000000,0.000000000000000000,0.000000000000000000,0.123593980320432341
2,axis_l2,2,0.406057174738239546,0.000000000000000000,0.000000000000000000,0.000000000000000000,0.000000000000000000,0.000000000000000000,0.000000000000000000,0.000000000000000000,0.000000000000000000,0.000000000000000000,0.000000000000000000,0.123593980320432341
2,axis_l2,3,0.000000000000000000,-0.406057174738239546,0.000000000000000000,0.000000000000000000,0.000000000000000000,0.000000000000000000,0.000000000000000000,0.000000000000000000,0.000000000000000000,0.000000000000000000,0.000000000000000000,0.123593980320432341
2,axis_l2,4,0.000000000000000000,0.406057174738239546,0.000000000000000000,0.000000000000000000,0.000000000000000000,0.000000000000000000,0.000000000000000000,0.000000000000000000,0.000000000000000000,0.000000000000000000,0.000000000000000000,0.123593980320432341
2,axis_l2,5,0.000000000000000000,0.000000000000000000,-0.406057174738239546,0.000000000000000000,0.000000000000000000,0.000000000000000000,0.000000000000000000,0.000000000000000000,0.000000000000000000,0.000000000000000000,0.000000000000000000,0.123593980320432341
2,axis_l2,6,0.000000000000000000,0.000000000000000000,0.406057174738239546,0.000000000000000000,0.000000000000000000,0.000000000000000000,0.000000000000000000,0.000000000000000000,0.000000000000000000,0.000000000000000000,0.000000000000000000,0.123593980320432341
2,axis_l2,7,0.000000000000000000,0.000000000000000000,0.000000000000000000,-0.406057174738239546,0.000000000000000000,0.000000000000000000,0.000000000000000000,0.000000000000000000,0.000000000000000000,0.000000000000000000,0.000000000000000000,0.123593980320432341
2,axis_l2,8,0.000000000000000000,0.000000000000000000,0.000000000000000000,0.406057174738239546,0.000000000000000000,0.000000000000000000,0.000000000000000000,0.000000000000000000,0.000000000000000000,0.000000000000000000,0.000000000000000000,0.123593980320432341
2,axis_l2,9,0.000000000000000000,0.000000000000000000,0.000000000000000000,0.000000000000000000,-0.406057174738239546,0.000000000000000000,0.000000000000000000,0.000000000000000000,0.000000000000000000,0.000000000000000000,0.000000000000000000,0.123593980320432341
2,axis_l2,10,0.000000000000000000,0.000000000000000000,0.000000000000000000,0.000000000000000000,0.406057174738239546,0.000000000000000000,0.000000000000000000,0.000000000000000000,0.000000000000000000,0.000000000000000000,0.000000000000000000,0.123593980320432341
2,axis_l2,11,0.000000000000000000,0.000000000000000000,0.000000000000000000,0.000000000000000000,0.000000000000000000,-0.406057174738239546,0.000000000000000000,0.000000000000000000,0.000000000000000000,0.000000000000000000,0.000000000000000000,0.123593980320432341
2,axis_l2,12,0.000000000000000000,0.000000000000000000,0.000000000000000000,0.000000000000000000,0.000000000000000000,0.406057174738239546,0.000000000000000000,0.000000000000000000,0.000000000000000000,0.000000000000000000,0.000000000000000000,0.123593980320432341
2,axis_l2,13,0.000000000000000000,0.000000000000000000,0.000000000000000000,0.000000000000000000,0.000000000000000000,0.000000000000000000,-0.406057174738239546,0.000000000000000000,0.000000000000000000,0.000000000000000000,0.000000000000000000,0.123593980320432341
2,axis_l2,14,0.000000000000000000,0.000000000000000000,0.000000000000000000,0.000000000000000000,0.000000000000000000,0.000000000000000000,0.406057174738239546,0.000000000000000000,0.000000000000000000,0.000000000000000000,0.000000000000000000,0.123593980320432341
2,axis_l2,15,0.000000000000000000,0.000000000000000000,0.000000000000000000,0.000000000000000000,0.000000000000000000,0.000000000000000000,0.000000000000000000,-0.406057174738239546,0.000000000000000000,0.000000000000000000,0.000000000000000000,0.123593980320432341
2,axis_l2,16,0.000000000000000000,0.000000000000000000,0.000000000000000000,0.000000000000000000,0.000000000000000000,0.000000000000000000,0.000000000000000000,0.406057174738239546,0.000000000000000000,0.000000000000000000,0.000000000000000000,0.123593980320432341
2,axis_l2,17,0.000000000000000000,0.000000000000000000,0.000000000000000000,0.000000000000000000,0.000000000000000000,0.000000000000000000,0.000000000000000000,0.000000000000000000,-0.406057174738239546,0.000000000000000000,0.000000000000000000,0.123593980320432341
2,axis_l2,18,0.000000000000000000,0.000000000000000000,0.000000000000000000,0.000000000000000000,0.000000000000000000,0.000000000000000000,0.000000000000000000,0.000000000000000000,0.406057174738239546,0.000000000000000000,0.000000000000000000,0.123593980320432341
2,axis_l2,19,0.000000000000000000,0.000000000000000000,0.000000000000000000,0.000000000000000000,0.000000000000000000,0.000000000000000000,0.000000000000000000,0.000000000000000000,0.000000000000000000,-0.406057174738239546,0.000000000000000000,0.123593980320432341
2,axis_l2,20,0.000000000000000000,0.000000000000000000,0.000000000000000000,0.000000000000000000,0.000000000000000000,0.000000000000000000,0.000000000000000000,0.000000000000000000,0.000000000000000000,0.406057174738239546,0.000000000000000000,0.123593980320432341
2,axis_l2,21,0.000000000000000000,0.000000000000000000,0.000000000000000000,0.000000000000000000,0.000000000000000000,0.000000000000000000,0.000000000000000000,0.000000000000000000,0.000000000000000000,0.000000000000000000,-0.406057174738239546,0.123593980320432341
2,axis_l2,22,0.000000000000000000,0.000000000000000000,0.000000000000000000,0.000000000000000000,0.000000000000000000,0.000000000000000000,0.000000000000000000,0.000000000000000000,0.000000000000000000,0.000000000000000000,0.406057174738239546,0.123593980320432341
3,axis_l1,1,-0.955907315804538915,0.000000000000000000,0.000000000000000000,0.000000000000000000,0.000000000000000000,0.000000000000000000,0.000000000000000000,0.000000000000000000,0.000000000000000000,0.000000000000000000,0.000000000000000000,-0.125555291899539621
3,axis_l1,2,0.955907315804538915,0.000000000000000000,0.000000000000000000,0.000000000000000000,0.000000000000000000,0.000000000000000000,0.000000000000000000,0.000000000000000000,0.000000000000000000,0.000000000000000000,0.000000000000000000,-0.125555291899539621
3,axis_l1,3,0.000000000000000000,-0.955907315804538915,0.000000000000000000,0.000000000000000000,0.000000000000000000,0.000000000000000000,0.000000000000000000,0.000000000000000000,0.000000000000000000,0.000000000000000000,0.000000000000000000,-0.125555291899539621
3,axis_l1,4,0.000000000000000000,0.955907315804538915,0.000000000000000000,0.000000000000000000,0.000000000000000000,0.000000000000000000,0.000000000000000000,0.000000000000000000,0.000000000000000000,0.000000000000000000,0.000000000000000000,-0.125555291899539621
3,axis_l1,5,0.000000000000000000,0.000000000000000000,-0.955907315804538915,0.000000000000000000,0.000000000000000000,0.000000000000000000,0.000000000000000000,0.000000000000000000,0.000000000000000000,0.000000000000000000,0.000000000000000000,-0.125555291899539621
3,axis_l1,6,0.000000000000000000,0.000000000000000000,0.955907315804538915,0.000000000000000000,0.000000000000000000,0.000000000000000000,0.000000000000000000,0.000000000000000000,0.000000000000000000,0.000000000000000000,0.000000000000000000,-0.125555291899539621
3,axis_l1,7,0.000000000000000000,0.000000000000000000,0.000000000000000000,-0.955907315804538915,0.000000000000000000,0.000000000000000000,0.000000000000000000,0.000000000000000000,0.000000000000000000,0.000000000000000000,0.000000000000000000,-0.125555291899539621
3,axis_l1,8,0.000000000000000000,0.000000000000000000,0.000000000000000000,0.955907315804538915,0.000000000000000000,0.000000000000000000,0.000000000000000000,0.000000000000000000,0.000000000000000000,0.000000000000000000,0.000000000000000000,-0.125555291899539621
3,axis_l1,9,0.000000000000000000,0.000000000000000000,0.000000000000000000,0.000000000000000000,-0.955907315804538915,0.000000000000000000,0.000000000000000000,0.000000000000000000,0.000000000000000000,0.000000000000000000,0.000000000000000000,-0.125555291899539621
3,axis_l1,10,0.000000000000000000,0.000000000000000000,0.000000000000000000,0.000000000000000000,0.955907315804538915,0.000000000000000000,0.000000000000000000,0.000000000000000000,0.000000000000000000,0.000000000000000000,0.000000000000000000,-0.125555291899539621
3,axis_l1,11,0.000000000000000000,0.000000000000000000,0.000000000000000000,0.000000000000000000,0.000000000000000000,-0.955907315804538915,0.000000000000000000,0.000000000000000000,0.000000000000000000,0.000000000000000000,0.000000000000000000,-0.125555291899539621
3,axis_l1,12,0.000000000000000000,0.000000000000000000,0.000000000000000000,0.000000000000000000,0.000000000000000000,0.955907315804538915,0.000000000000000000,0.000000000000000000,0.000000000000000000,0.000000000000000000,0.000000000000000000,-0.125555291899539621
3,axis_l1,13,0.000000000000000000,0.000000000000000000,0.000000000000000000,0.000000000000000000,0.000000000000000000,0.000000000000000000,-0.955907315804538915,0.000000000000000000,0.000000000000000000,0.000000000000000000,0.000000000000000000,-0.125555291899539621
3,axis_l1,14,0.000000000000000000,0.000000000000000000,0.000000000000000000,0.000000000000000000,0.000000000000000000,0.000000000000000000,0.955907315804538915,0.000000000000000000,0.000000000000000000,0.000000000000000000,0.000000000000000000,-0.125555291899539621
3,axis_l1,15,0.000000000000000000,0.000000000000000000,0.000000000000000000,0.000000000000000000,0.000000000000000000,0.000000000000000000,0.000000000000000000,-0.955907315804538915,0.000000000000000000,0.000000000000000000,0.000000000000000000,-0.125555291899539621
3,axis_l1,16,0.000000000000000000,0.000000000000000000,0.000000000000000000,0.000000000000000000,0.000000000000000000,0.000000000000000000,0.000000000000000000,0.955907315804538915,0.000000000000000000,0.000000000000000000,0.000000000000000000,-0.125555291899539621
3,axis_l1,17,0.000000000000000000,0.000000000000000000,0.000000000000000000,0.000000000000000000,0.000000000000000000,0.000000000000000000,0.000000000000000000,0.000000000000000000,-0.955907315804538915,0.000000000000000000,0.000000000000000000,-0.125555291899539621
3,axis_l1,18,0.000000000000000000,0.000000000000000000,0.000000000000000000,0.000000000000000000,0.000000000000000000,0.000000000000000000,0.000000000000000000,0.000000000000000000,0.955907315804538915,0.000000000000000000,0.000000000000000000,-0.125555291899539621
3,axis_l1,19,0.000000000000000000,0.000000000000000000,0.000000000000000000,0.000000000000000000,0.000000000000000000,0.000000000000000000,0.000000000000000000,0.000000000000000000,0.000000000000000000,-0.955907315804538915,0.000000000000000000,-0.125555291899539621
3,axis_l1,20,0.000000000000000000,0.000000000000000000,0.000000000000000000,0.000000000000000000,0.000000000000000000,0.000000000000000000,0.000000000000000000,0.000000000000000000,0.000000000000000000,0.955907315804538915,0.000000000000000000,-0.125555291899539621
3,axis_l1,21,0.000000000000000000,0.000000000000000000,0.000000000000000000,0.000000000000000000,0.000000000000000000,0.000000000000000000,0.000000000000000000,0.000000000000000000,0.000000000000000000,0.000000000000000000,-0.955907315804538915,-0.125555291899539621
3,axis_l1,22,0.000000000000000000,0.000000000000000000,0.000000000000000000,0.000000000000000000,0.000000000000000000,0.000000000000000000,0.000000000000000000,0.000000000000000000,0.000000000000000000,0.000000000000000000,0.955907315804538915,-0.125555291899539621
4,axis_lp_null,1,-0.750000000000000000,0.000000000000000000,0.000000000000000000,0.000000000000000000,0.000000000000000000,0.000000000000000000,0.000000000000000000,0.000000000000000000,0.000000000000000000,0.000000000000000000,0.000000000000000000,0.000000000000000000
4,axis_lp_null,2,0.750000000000000000,0.000000000000000000,0.000000000000000000,0.000000000000000000,0.000000000000000000,0.000000000000000000,0.000000000000000000,0.000000000000000000,0.000000000000000000,0.000000000000000000,0.000000000000000000,0.000000000000000000
4,axis_lp_null,3,0.000000000000000000,-0.750000000000000000,0.000000000000000000,0.000000000000000000,0.000000000000000000,0.000000000000000000,0.000000000000000000,0.000000000000000000,0.000000000000000000,0.000000000000000000,0.000000000000000000,0.000000000000000000
4,axis_lp_null,4,0.000000000000000000,0.750000000000000000,0.000000000000000000,0.000000000000000000,0.000000000000000000,0.000000000000000000,0.000000000000000000,0.000000000000000000,0.000000000000000000,0.000000000000000000,0.000000000000000000,0.000000000000000000
4,axis_lp_null,5,0.000000000000000000,0.000000000000000000,-0.750000000000000000,0.000000000000000000,0.000000000000000000,0.000000000000000000,0.000000000000000000,0.000000000000000000,0.000000000000000000,0.000000000000000000,0.000000000000000000,0.000000000000000000
4,axis_lp_null,6,0.000000000000000000,0.000000000000000000,0.750000000000000000,0.000000000000000000,0.000000000000000000,0.000000000000000000,0.000000000000000000,0.000000000000000000,0.000000000000000000,0.000000000000000000,0.000000000000000000,0.000000000000000000
4,axis_lp_null,7,0.000000000000000000,0.000000000000000000,0.000000000000000000,-0.750000000000000000,0.000000000000000000,0.000000000000000000,0.000000000000000000,0.000000000000000000,0.000000000000000000,0.000000000000000000,0.000000000000000000,0.000000000000000000
4,axis_lp_null,8,0.000000000000000000,0.000000000000000000,0.000000000000000000,0.750000000000000000,0.000000000000000000,0.000000000000000000,0.000000000000000000,0.000000000000000000,0.000000000000000000,0.000000000000000000,0.000000000000000000,0.000000000000000000
4,axis_lp_null,9,0.000000000000000000,0.000000000000000000,0.000000000000000000,0.000000000000000000,-0.750000000000000000,0.000000000000000000,0.000000000000000000,0.000000000000000000,0.000000000000000000,0.000000000000000000,0.000000000000000000,0.000000000000000000
4,axis_lp_null,10,0.000000000000000000,0.000000000000000000,0.000000000000000000,0.000000000000000000,0.750000000000000000,0.000000000000000000,0.000000000000000000,0.000000000000000000,0.000000000000000000,0.000000000000000000,0.000000000000000000,0.000000000000000000
4,axis_lp_null,11,0.000000000000000000,0.000000000000000000,0.000000000000000000,0.000000000000000000,0.000000000000000000,-0.750000000000000000,0.000000000000000000,0.000000000000000000,0.000000000000000000,0.000000000000000000,0.000000000000000000,0.000000000000000000
4,axis_lp_null,12,0.000000000000000000,0.000000000000000000,0.000000000000000000,0.000000000000000000,0.000000000000000000,0.750000000000000000,0.000000000000000000,0.000000000000000000,0.000000000000000000,0.000000000000000000,0.000000000000000000,0.000000000000000000
4,axis_lp_null,13,0.000000000000000000,0.000000000000000000,0.000000000000000000,0.000000000000000000,0.000000000000000000,0.000000000000000000,-0.750000000000000000,0.000000000000000000,0.000000000000000000,0.000000000000000000,0.000000000000000000,0.000000000000000000
4,axis_lp_null,14,0.000000000000000000,0.000000000000000000,0.000000000000000000,0.000000000000000000,0.000000000000000000,0.000000000000000000,0.750000000000000000,0.000000000000000000,0.000000000000000000,0.000000000000000000,0.000000000000000000,0.000000000000000000
4,axis_lp_null,15,0.000000000000000000,0.000000000000000000,0.000000000000000000,0.000000000000000000,0.000000000000000000,0.000000000000000000,0.000000000000000000,-0.750000000000000000,0.000000000000000000,0.000000000000000000,0.000000000000000000,0.000000000000000000
4,axis_lp_null,16,0.000000000000000000,0.000000000000000000,0.000000000000000000,0.000000000000000000,0.000000000000000000,0.000000000000000000,0.000000000000000000,0.750000000000000000,0.000000000000000000,0.000000000000000000,0.000000000000000000,0.000000000000000000
4,axis_lp_null,17,0.000000000000000000,0.000000000000000000,0.000000000000000000,0.000000000000000000,0.000000000000000000,0.000000000000000000,0.000000000000000000,0.000000000000000000,-0.750000000000000000,0.000000000000000000,0.000000000000000000,0.000000000000000000
4,axis_lp_null,18,0.000000000000000000,0.000000000000000000,0.000000000000000000,0.000000000000000000,0.000000000000000000,0.000000000000000000,0.000000000000000000,0.000000000000000000,0.750000000000000000,0.000000000000000000,0.000000000000000000,0.000000000000000000
4,axis_lp_null,19,0.000000000000000000,0.000000000000000000,0.000000000000000000,0.000000000000000000,0.000000000000000000,0.000000000000000000,0.000000000000000000,0.000000000000000000,0.000000000000000000,-0.750000000000000000,0.000000000000000000,0.000000000000000000
4,axis_lp_null,20,0.000000000000000000,0.000000000000000000,0.000000000000000000,0.000000000000000000,0.000000000000000000,0.000000000000000000,0.000000000000000000,0.000000000000000000,0.000000000000000000,0.750000000000000000,0.000000000000000000,0.000000000000000000
4,axis_lp_null,21,0.000000000000000000,0.000000000000000000,0.000000000000000000,0.000000000000000000,0.000000000000000000,0.000000000000000000,0.000000000000000000,0.000000000000000000,0.000000000000000000,0.000000000000000000,-0.750000000000000000,0.000000000000000000
4,axis_lp_null,22,0.000000000000000000,0.000000000000000000,0.000000000000000000,0.000000000000000000,0.000000000000000000,0.000000000000000000,0.000000000000000000,0.000000000000000000,0.000000000000000000,0.000000000000000000,0.750000000000000000,0.000000000000000000
5,pair_l1_l1,1,-0.955907315804538915,-0.955907315804538915,0.000000000000000000,0.000000000000000000,0.000000000000000000,0.000000000000000000,0.000000000000000000,0.000000000000000000,0.000000000000000000,0.000000000000000000,0.000000000000000000,0.009708933337374202
5,pair_l1_l1,2,-0.955907315804538915,0.955907315804538915,0.000000000000000000,0.000000000000000000,0.000000000000000000,0.000000000000000000,0.000000000000000000,0.000000000000000000,0.000000000000000000,0.000000000000000000,0.000000000000000000,0.009708933337374202
5,pair_l1_l1,3,0.955907315804538915,-0.955907315804538915,0.000000000000000000,0.000000000000000000,0.000000000000000000,0.000000000000000000,0.000000000000000000,0.000000000000000000,0.000000000000000000,0.000000000000000000,0.000000000000000000,0.009708933337374202
5,pair_l1_l1,4,0.955907315804538915,0.955907315804538915,0.000000000000000000,0.000000000000000000,0.000000000000000000,0.000000000000000000,0.000000000000000000,0.000000000000000000,0.000000000000000000,0.000000000000000000,0.000000000000000000,0.009708933337374202
5,pair_l1_l1,5,-0.955907315804538915,0.000000000000000000,-0.955907315804538915,0.000000000000000000,0.000000000000000000,0.000000000000000000,0.000000000000000000,0.000000000000000000,0.000000000000000000,0.000000000000000000,0.000000000000000000,0.009708933337374202
5,pair_l1_l1,6,-0.955907315804538915,0.000000000000000000,0.955907315804538915,0.000000000000000000,0.000000000000000000,0.000000000000000000,0.000000000000000000,0.000000000000000000,0.000000000000000000,0.000000000000000000,0.000000000000000000,0.009708933337374202
5,pair_l1_l1,7,0.955907315804538915,0.000000000000000000,-0.955907315804538915,0.000000000000000000,0.000000000000000000,0.000000000000000000,0.000000000000000000,0.000000000000000000,0.000000000000000000,0.000000000000000000,0.000000000000000000,0.009708933337374202
5,pair_l1_l1,8,0.955907315804538915,0.000000000000000000,0.955907315804538915,0.000000000000000000,0.000000000000000000,0.000000000000000000,0.000000000000000000,0.000000000000000000,0.000000000000000000,0.000000000000000000,0.000000000000000000,0.009708933337374202
5,pair_l1_l1,9,-0.955907315804538915,0.000000000000000000,0.000000000000000000,-0.955907315804538915,0.000000000000000000,0.000000000000000000,0.000000000000000000,0.000000000000000000,0.000000000000000000,0.000000000000000000,0.000000000000000000,0.009708933337374202
5,pair_l1_l1,10,-0.955907315804538915,0.000000000000000000,0.000000000000000000,0.955907315804538915,0.000000000000000000,0.000000000000000000,0.000000000000000000,0.000000000000000000,0.000000000000000000,0.000000000000000000,0.000000000000000000,0.009708933337374202
5,pair_l1_l1,11,0.955907315804538915,0.000000000000000000,0.000000000000000000,-0.955907315804538915,0.000000000000000000,0.000000000000000000,0.000000000000000000,0.000000000000000000,0.000000000000000000,0.000000000000000000,0.000000000000000000,0.009708933337374202
5,pair_l1_l1,12,0.955907315804538915,0.000000000000000000,0.000000000000000000,0.955907315804538915,0.000000000000000000,0.000000000000000000,0.000000000000000000,0.000000000000000000,0.000000000000000000,0.000000000000000000,0.000000000000000000,0.009708933337374202
5,pair_l1_l1,13,-0.955907315804538915,0.000000000000000000,0.000000000000000000,0.000000000000000000,-0.955907315804538915,0.000000000000000000,0.000000000000000000,0.000000000000000000,0.000000000000000000,0.000000000000000000,0.000000000000000000,0.009708933337374202
5,pair_l1_l1,14,-0.955907315804538915,0.000000000000000000,0.000000000000000000,0.000000000000000000,0.955907315804538915,0.000000000000000000,0.000000000000000000,0.000000000000000000,0.000000000000000000,0.000000000000000000,0.000000000000000000,0.009708933337374202
5,pair_l1_l1,15,0.955907315804538915,0.000000000000000000,0.000000000000000000,0.000000000000000000,-0.955907315804538915,0.000000000000000000,0.000000000000000000,0.000000000000000000,0.000000000000000000,0.000000000000000000,0.000000000000000000,0.009708933337374202
5,pair_l1_l1,16,0.955907315804538915,0.000000000000000000,0.000000000000000000,0.000000000000000000,0.955907315804538915,0.000000000000000000,0.000000000000000000,0.000000000000000000,0.000000000000000000,0.000000000000000000,0.000000000000000000,0.009708933337374202
5,pair_l1_l1,17,-0.955907315804538915,0.000000000000000000,0.000000000000000000,0.000000000000000000,0.000000000000000000,-0.955907315804538915,0.000000000000000000,0.000000000000000000,0.000000000000000000,0.000000000000000000,0.000000000000000000,0.009708933337374202
5,pair_l1_l1,18,-0.955907315804538915,0.000000000000000000,0.000000000000000000,0.000000000000000000,0.000000000000000000,0.955907315804538915,0.000000000000000000,0.000000000000000000,0.000000000000000000,0.000000000000000000,0.000000000000000000,0.009708933337374202
5,pair_l1_l1,19,0.955907315804538915,0.000000000000000000,0.000000000000000000,0.000000000000000000,0.000000000000000000,-0.955907315804538915,0.000000000000000000,0.000000000000000000,0.000000000000000000,0.000000000000000000,0.000000000000000000,0.009708933337374202
5,pair_l1_l1,20,0.955907315804538915,0.000000000000000000,0.000000000000000000,0.000000000000000000,0.000000000000000000,0.955907315804538915,0.000000000000000000,0.000000000000000000,0.000000000000000000,0.000000000000000000,0.000000000000000000,0.009708933337374202
5,pair_l1_l1,21,-0.955907315804538915,0.000000000000000000,0.000000000000000000,0.000000000000000000,0.000000000000000000,0.000000000000000000,-0.955907315804538915,0.000000000000000000,0.000000000000000000,0.000000000000000000,0.000000000000000000,0.009708933337374202
5,pair_l1_l1,22,-0.955907315804538915,0.000000000000000000,0.000000000000000000,0.000000000000000000,0.000000000000000000,0.000000000000000000,0.955907315804538915,0.000000000000000000,0.000000000000000000,0.000000000000000000,0.000000000000000000,0.009708933337374202
5,pair_l1_l1,23,0.955907315804538915,0.000000000000000000,0.000000000000000000,0.000000000000000000,0.000000000000000000,0.000000000000000000,-0.955907315804538915,0.000000000000000000,0.000000000000000000,0.000000000000000000,0.000000000000000000,0.009708933337374202
5,pair_l1_l1,24,0.955907315804538915,0.000000000000000000,0.000000000000000000,0.000000000000000000,0.000000000000000000,0.000000000000000000,0.955907315804538915,0.000000000000000000,0.000000000000000000,0.000000000000000000,0.000000000000000000,0.009708933337374202
5,pair_l1_l1,25,-0.955907315804538915,0.000000000000000000,0.000000000000000000,0.000000000000000000,0.000000000000000000,0.000000000000000000,0.000000000000000000,-0.955907315804538915,0.000000000000000000,0.000000000000000000,0.000000000000000000,0.009708933337374202
5,pair_l1_l1,26,-0.955907315804538915,0.000000000000000000,0.000000000000000000,0.000000000000000000,0.000000000000000000,0.000000000000000000,0.000000000000000000,0.955907315804538915,0.000000000000000000,0.000000000000000000,0.000000000000000000,0.009708933337374202
5,pair_l1_l1,27,0.955907315804538915,0.000000000000000000,0.000000000000000000,0.000000000000000000,0.000000000000000000,0.000000000000000000,0.000000000000000000,-0.955907315804538915,0.000000000000000000,0.000000000000000000,0.000000000000000000,0.009708933337374202
5,pair_l1_l1,28,0.955907315804538915,0.000000000000000000,0.000000000000000000,0.000000000000000000,0.000000000000000000,0.000000000000000000,0.000000000000000000,0.955907315804538915,0.000000000000000000,0.000000000000000000,0.000000000000000000,0.009708933337374202
5,pair_l1_l1,29,-0.955907315804538915,0.000000000000000000,0.000000000000000000,0.000000000000000000,0.000000000000000000,0.000000000000000000,0.000000000000000000,0.000000000000000000,-0.955907315804538915,0.000000000000000000,0.000000000000000000,0.009708933337374202
5,pair_l1_l1,30,-0.955907315804538915,0.000000000000000000,0.000000000000000000,0.000000000000000000,0.000000000000000000,0.000000000000000000,0.000000000000000000,0.000000000000000000,0.955907315804538915,0.000000000000000000,0.000000000000000000,0.009708933337374202
5,pair_l1_l1,31,0.955907315804538915,0.000000000000000000,0.000000000000000000,0.000000000000000000,0.000000000000000000,0.000000000000000000,0.000000000000000000,0.000000000000000000,-0.955907315804538915,0.000000000000000000,0.000000000000000000,0.009708933337374202
5,pair_l1_l1,32,0.955907315804538915,0.000000000000000000,0.000000000000000000,0.000000000000000000,0.000000000000000000,0.000000000000000000,0.000000000000000000,0.000000000000000000,0.955907315804538915,0.000000000000000000,0.000000000000000000,0.009708933337374202
5,pair_l1_l1,33,-0.955907315804538915,0.000000000000000000,0.000000000000000000,0.000000000000000000,0.000000000000000000,0.000000000000000000,0.000000000000000000,0.000000000000000000,0.000000000000000000,-0.955907315804538915,0.000000000000000000,0.009708933337374202
5,pair_l1_l1,34,-0.955907315804538915,0.000000000000000000,0.000000000000000000,0.000000000000000000,0.000000000000000000,0.000000000000000000,0.000000000000000000,0.000000000000000000,0.000000000000000000,0.955907315804538915,0.000000000000000000,0.009708933337374202
5,pair_l1_l1,35,0.955907315804538915,0.000000000000000000,0.000000000000000000,0.000000000000000000,0.000000000000000000,0.000000000000000000,0.000000000000000000,0.000000000000000000,0.000000000000000000,-0.955907315804538915,0.000000000000000000,0.009708933337374202
5,pair_l1_l1,36,0.955907315804538915,0.000000000000000000,0.000000000000000000,0.000000000000000000,0.000000000000000000,0.000000000000000000,0.000000000000000000,0.000000000000000000,0.000000000000000000,0.955907315804538915,0.000000000000000000,0.009708933337374202
5,pair_l1_l1,37,-0.955907315804538915,0.000000000000000000,0.000000000000000000,0.000000000000000000,0.000000000000000000,0.000000000000000000,0.000000000000000000,0.000000000000000000,0.000000000000000000,0.000000000000000000,-0.955907315804538915,0.009708933337374202
5,pair_l1_l1,38,-0.955907315804538915,0.000000000000000000,0.000000000000000000,0.000000000000000000,0.000000000000000000,0.000000000000000000,0.000000000000000000,0.000000000000000000,0.000000000000000000,0.000000000000000000,0.955907315804538915,0.009708933337374202
5,pair_l1_l1,39,0.955907315804538915,0.000000000000000000,0.000000000000000000,0.000000000000000000,0.000000000000000000,0.000000000000000000,0.000000000000000000,0.000000000000000000,0.000000000000000000,0.000000000000000000,-0.955907315804538915,0.009708933337374202
5,pair_l1_l1,40,0.955907315804538915,0.000000000000000000,0.000000000000000000,0.000000000000000000,0.000000000000000000,0.000000000000000000,0.000000000000000000,0.000000000000000000,0.000000000000000000,0.000000000000000000,0.955907315804538915,0.009708933337374202
5,pair_l1_l1,41,0.000000000000000000,-0.955907315804538915,-0.955907315804538915,0.000000000000000000,0.000000000000000000,0.000000000000000000,0.000000000000000000,0.000000000000000000,0.000000000000000000,0.000000000000000000,0.000000000000000000,0.009708933337374202
5,pair_l1_l1,42,0.000000000000000000,-0.955907315804538915,0.955907315804538915,0.000000000000000000,0.000000000000000000,0.000000000000000000,0.000000000000000000,0.000000000000000000,0.000000000000000000,0.000000000000000000,0.000000000000000000,0.009708933337374202
5,pair_l1_l1,43,0.000000000000000000,0.955907315804538915,-0.955907315804538915,0.000000000000000000,0.000000000000000000,0.000000000000000000,0.000000000000000000,0.000000000000000000,0.000000000000000000,0.000000000000000000,0.000000000000000000,0.009708933337374202
5,pair_l1_l1,44,0.000000000000000000,0.955907315804538915,0.955907315804538915,0.000000000000000000,0.000000000000000000,0.000000000000000000,0.000000000000000000,0.000000000000000000,0.000000000000000000,0.000000000000000000,0.000000000000000000,0.009708933337374202
5,pair_l1_l1,45,0.000000000000000000,-0.955907315804538915,0.000000000000000000,-0.955907315804538915,0.000000000000000000,0.000000000000000000,0.000000000000000000,0.000000000000000000,0.000000000000000000,0.000000000000000000,0.000000000000000000,0.009708933337374202
5,pair_l1_l1,46,0.000000000000000000,-0.955907315804538915,0.000000000000000000,0.955907315804538915,0.000000000000000000,0.000000000000000000,0.000000000000000000,0.000000000000000000,0.000000000000000000,0.000000000000000000,0.000000000000000000,0.009708933337374202
5,pair_l1_l1,47,0.000000000000000000,0.955907315804538915,0.000000000000000000,-0.955907315804538915,0.000000000000000000,0.000000000000000000,0.000000000000000000,0.000000000000000000,0.000000000000000000,0.000000000000000000,0.000000000000000000,0.009708933337374202
5,pair_l1_l1,48,0.000000000000000000,0.955907315804538915,0.000000000000000000,0.955907315804538915,0.000000000000000000,0.000000000000000000,0.000000000000000000,0.000000000000000000,0.000000000000000000,0.000000000000000000,0.000000000000000000,0.009708933337374202
5,pair_l1_l1,49,0.000000000000000000,-0.955907315804538915,0.000000000000000000,0.000000000000000000,-0.955907315804538915,0.000000000000000000,0.000000000000000000,0.000000000000000000,0.000000000000000000,0.000000000000000000,0.000000000000000000,0.009708933337374202
5,pair_l1_l1,50,0.000000000000000000,-0.955907315804538915,0.000000000000000000,0.000000000000000000,0.955907315804538915,0.000000000000000000,0.000000000000000000,0.000000000000000000,0.000000000000000000,0.000000000000000000,0.000000000000000000,0.009708933337374202
5,pair_l1_l1,51,0.000000000000000000,0.955907315804538915,0.000000000000000000,0.000000000000000000,-0.955907315804538915,0.000000000000000000,0.000000000000000000,0.000000000000000000,0.000000000000000000,0.000000000000000000,0.000000000000000000,0.009708933337374202
5,pair_l1_l1,52,0.000000000000000000,0.955907315804538915,0.000000000000000000,0.000000000000000000,0.955907315804538915,0.000000000000000000,0.000000000000000000,0.000000000000000000,0.000000000000000000,0.000000000000000000,0.000000000000000000,0.009708933337374202
5,pair_l1_l1,53,0.000000000000000000,-0.955907315804538915,0.000000000000000000,0.000000000000000000,0.000000000000000000,-0.955907315804538915,0.000000000000000000,0.000000000000000000,0.000000000000000000,0.000000000000000000,0.000000000000000000,0.009708933337374202
5,pair_l1_l1,54,0.000000000000000000,-0.955907315804538915,0.000000000000000000,0.000000000000000000,0.000000000000000000,0.955907315804538915,0.000000000000000000,0.000000000000000000,0.000000000000000000,0.000000000000000000,0.000000000000000000,0.009708933337374202
5,pair_l1_l1,55,0.000000000000000000,0.955907315804538915,0.000000000000000000,0.000000000000000000,0.000000000000000000,-0.955907315804538915,0.000000000000000000,0.000000000000000000,0.000000000000000000,0.000000000000000000,0.000000000000000000,0.009708933337374202
5,pair_l1_l1,56,0.000000000000000000,0.955907315804538915,0.000000000000000000,0.000000000000000000,0.000000000000000000,0.955907315804538915,0.000000000000000000,0.000000000000000000,0.000000000000000000,0.000000000000000000,0.000000000000000000,0.009708933337374202
5,pair_l1_l1,57,0.000000000000000000,-0.955907315804538915,0.000000000000000000,0.000000000000000000,0.000000000000000000,0.000000000000000000,-0.955907315804538915,0.000000000000000000,0.000000000000000000,0.000000000000000000,0.000000000000000000,0.009708933337374202
5,pair_l1_l1,58,0.000000000000000000,-0.955907315804538915,0.000000000000000000,0.000000000000000000,0.000000000000000000,0.000000000000000000,0.955907315804538915,0.000000000000000000,0.000000000000000000,0.000000000000000000,0.000000000000000000,0.009708933337374202
5,pair_l1_l1,59,0.000000000000000000,0.955907315804538915,0.000000000000000000,0.000000000000000000,0.000000000000000000,0.000000000000000000,-0.955907315804538915,0.000000000000000000,0.000000000000000000,0.000000000000000000,0.000000000000000000,0.009708933337374202
5,pair_l1_l1,60,0.000000000000000000,0.955907315804538915,0.000000000000000000,0.000000000000000000,0.000000000000000000,0.000000000000000000,0.955907315804538915,0.000000000000000000,0.000000000000000000,0.000000000000000000,0.000000000000000000,0.009708933337374202
5,pair_l1_l1,61,0.000000000000000000,-0.955907315804538915,0.000000000000000000,0.000000000000000000,0.000000000000000000,0.000000000000000000,0.000000000000000000,-0.955907315804538915,0.000000000000000000,0.000000000000000000,0.000000000000000000,0.009708933337374202
5,pair_l1_l1,62,0.000000000000000000,-0.955907315804538915,0.000000000000000000,0.000000000000000000,0.000000000000000000,0.000000000000000000,0.000000000000000000,0.955907315804538915,0.000000000000000000,0.000000000000000000,0.000000000000000000,0.009708933337374202
5,pair_l1_l1,63,0.000000000000000000,0.955907315804538915,0.000000000000000000,0.000000000000000000,0.000000000000000000,0.000000000000000000,0.000000000000000000,-0.955907315804538915,0.000000000000000000,0.000000000000000000,0.000000000000000000,0.009708933337374202
5,pair_l1_l1,64,0.000000000000000000,0.955907315804538915,0.000000000000000000,0.000000000000000000,0.000000000000000000,0.000000000000000000,0.000000000000000000,0.955907315804538915,0.000000000000000000,0.000000000000000000,0.000000000000000000,0.009708933337374202
5,pair_l1_l1,65,0.000000000000000000,-0.955907315804538915,0.000000000000000000,0.000000000000000000,0.000000000000000000,0.000000000000000000,0.000000000000000000,0.000000000000000000,-0.955907315804538915,0.000000000000000000,0.000000000000000000,0.009708933337374202
5,pair_l1_l1,66,0.000000000000000000,-0.955907315804538915,0.000000000000000000,0.000000000000000000,0.000000000000000000,0.000000000000000000,0.000000000000000000,0.000000000000000000,0.955907315804538915,0.000000000000000000,0.000000000000000000,0.009708933337374202
5,pair_l1_l1,67,0.000000000000000000,0.955907315804538915,0.000000000000000000,0.000000000000000000,0.000000000000000000,0.000000000000000000,0.000000000000000000,0.000000000000000000,-0.955907315804538915,0.000000000000000000,0.000000000000000000,0.009708933337374202
5,pair_l1_l1,68,0.000000000000000000,0.955907315804538915,0.000000000000000000,0.000000000000000000,0.000000000000000000,0.000000000000000000,0.000000000000000000,0.000000000000000000,0.955907315804538915,0.000000000000000000,0.000000000000000000,0.009708933337374202
5,pair_l1_l1,69,0.000000000000000000,-0.955907315804538915,0.000000000000000000,0.000000000000000000,0.000000000000000000,0.000000000000000000,0.000000000000000000,0.000000000000000000,0.000000000000000000,-0.955907315804538915,0.000000000000000000,0.009708933337374202
5,pair_l1_l1,70,0.000000000000000000,-0.955907315804538915,0.000000000000000000,0.000000000000000000,0.000000000000000000,0.000000000000000000,0.000000000000000000,0.000000000000000000,0.000000000000000000,0.955907315804538915,0.000000000000000000,0.009708933337374202
5,pair_l1_l1,71,0.000000000000000000,0.955907315804538915,0.000000000000000000,0.000000000000000000,0.000000000000000000,0.000000000000000000,0.000000000000000000,0.000000000000000000,0.000000000000000000,-0.955907315804538915,0.000000000000000000,0.009708933337374202
5,pair_l1_l1,72,0.000000000000000000,0.955907315804538915,0.000000000000000000,0.000000000000000000,0.000000000000000000,0.000000000000000000,0.000000000000000000,0.000000000000000000,0.000000000000000000,0.955907315804538915,0.000000000000000000,0.009708933337374202
5,pair_l1_l1,73,0.000000000000000000,-0.955907315804538915,0.000000000000000000,0.000000000000000000,0.000000000000000000,0.000000000000000000,0.000000000000000000,0.000000000000000000,0.000000000000000000,0.000000000000000000,-0.955907315804538915,0.009708933337374202
5,pair_l1_l1,74,0.000000000000000000,-0.955907315804538915,0.000000000000000000,0.000000000000000000,0.000000000000000000,0.000000000000000000,0.000000000000000000,0.000000000000000000,0.000000000000000000,0.000000000000000000,0.955907315804538915,0.009708933337374202
5,pair_l1_l1,75,0.000000000000000000,0.955907315804538915,0.000000000000000000,0.000000000000000000,0.000000000000000000,0.000000000000000000,0.000000000000000000,0.000000000000000000,0.000000000000000000,0.000000000000000000,-0.955907315804538915,0.009708933337374202
5,pair_l1_l1,76,0.000000000000000000,0.955907315804538915,0.000000000000000000,0.000000000000000000,0.000000000000000000,0.000000000000000000,0.000000000000000000,0.000000000000000000,0.000000000000000000,0.000000000000000000,0.955907315804538915,0.009708933337374202
5,pair_l1_l1,77,0.000000000000000000,0.000000000000000000,-0.955907315804538915,-0.955907315804538915,0.000000000000000000,0.000000000000000000,0.000000000000000000,0.000000000000000000,0.000000000000000000,0.000000000000000000,0.000000000000000000,0.009708933337374202
5,pair_l1_l1,78,0.000000000000000000,0.000000000000000000,-0.955907315804538915,0.955907315804538915,0.000000000000000000,0.000000000000000000,0.000000000000000000,0.000000000000000000,0.000000000000000000,0.000000000000000000,0.000000000000000000,0.009708933337374202
5,pair_l1_l1,79,0.000000000000000000,0.000000000000000000,0.955907315804538915,-0.955907315804538915,0.000000000000000000,0.000000000000000000,0.000000000000000000,0.000000000000000000,0.000000000000000000,0.000000000000000000,0.000000000000000000,0.009708933337374202
5,pair_l1_l1,80,0.000000000000000000,0.000000000000000000,0.955907315804538915,0.955907315804538915,0.000000000000000000,0.000000000000000000,0.000000000000000000,0.000000000000000000,0.000000000000000000,0.000000000000000000,0.000000000000000000,0.009708933337374202
5,pair_l1_l1,81,0.000000000000000000,0.000000000000000000,-0.955907315804538915,0.000000000000000000,-0.955907315804538915,0.000000000000000000,0.000000000000000000,0.000000000000000000,0.000000000000000000,0.000000000000000000,0.000000000000000000,0.009708933337374202
5,pair_l1_l1,82,0.000000000000000000,0.000000000000000000,-0.955907315804538915,0.000000000000000000,0.955907315804538915,0.000000000000000000,0.000000000000000000,0.000000000000000000,0.000000000000000000,0.000000000000000000,0.000000000000000000,0.009708933337374202
5,pair_l1_l1,83,0.000000000000000000,0.000000000000000000,0.955907315804538915,0.000000000000000000,-0.955907315804538915,0.000000000000000000,0.000000000000000000,0.000000000000000000,0.000000000000000000,0.000000000000000000,0.000000000000000000,0.009708933337374202
5,pair_l1_l1,84,0.000000000000000000,0.000000000000000000,0.955907315804538915,0.000000000000000000,0.955907315804538915,0.000000000000000000,0.000000000000000000,0.000000000000000000,0.000000000000000000,0.000000000000000000,0.000000000000000000,0.009708933337374202
5,pair_l1_l1,85,0.000000000000000000,0.000000000000000000,-0.955907315804538915,0.000000000000000000,0.000000000000000000,-0.955907315804538915,0.000000000000000000,0.000000000000000000,0.000000000000000000,0.000000000000000000,0.000000000000000000,0.009708933337374202
5,pair_l1_l1,86,0.000000000000000000,0.000000000000000000,-0.955907315804538915,0.000000000000000000,0.000000000000000000,0.955907315804538915,0.000000000000000000,0.000000000000000000,0.000000000000000000,0.000000000000000000,0.000000000000000000,0.009708933337374202
5,pair_l1_l1,87,0.000000000000000000,0.000000000000000000,0.955907315804538915,0.000000000000000000,0.000000000000000000,-0.955907315804538915,0.000000000000000000,0.000000000000000000,0.000000000000000000,0.000000000000000000,0.000000000000000000,0.009708933337374202
5,pair_l1_l1,88,0.000000000000000000,0.000000000000000000,0.955907315804538915,0.000000000000000000,0.000000000000000000,0.955907315804538915,0.000000000000000000,0.000000000000000000,0.000000000000000000,0.000000000000000000,0.000000000000000000,0.009708933337374202
5,pair_l1_l1,89,0.000000000000000000,0.000000000000000000,-0.955907315804538915,0.000000000000000000,0.000000000000000000,0.000000000000000000,-0.955907315804538915,0.000000000000000000,0.000000000000000000,0.000000000000000000,0.000000000000000000,0.009708933337374202
5,pair_l1_l1,90,0.000000000000000000,0.000000000000000000,-0.955907315804538915,0.000000000000000000,0.000000000000000000,0.000000000000000000,0.955907315804538915,0.000000000000000000,0.000000000000000000,0.000000000000000000,0.000000000000000000,0.009708933337374202
5,pair_l1_l1,91,0.000000000000000000,0.000000000000000000,0.955907315804538915,0.000000000000000000,0.000000000000000000,0.000000000000000000,-0.955907315804538915,0.000000000000000000,0.000000000000000000,0.000000000000000000,0.000000000000000000,0.009708933337374202
5,pair_l1_l1,92,0.000000000000000000,0.000000000000000000,0.955907315804538915,0.000000000000000000,0.000000000000000000,0.000000000000000000,0.955907315804538915,0.000000000000000000,0.000000000000000000,0.000000000000000000,0.000000000000000000,0.009708933337374202
5,pair_l1_l1,93,0.000000000000000000,0.000000000000000000,-0.955907315804538915,0.000000000000000000,0.000000000000000000,0.000000000000000000,0.000000000000000000,-0.955907315804538915,0.000000000000000000,0.000000000000000000,0.000000000000000000,0.009708933337374202
5,pair_l1_l1,94,0.000000000000000000,0.000000000000000000,-0.955907315804538915,0.000000000000000000,0.000000000000000000,0.000000000000000000,0.000000000000000000,0.955907315804538915,0.000000000000000000,0.000000000000000000,0.000000000000000000,0.009708933337374202
5,pair_l1_l1,95,0.000000000000000000,0.000000000000000000,0.955907315804538915,0.000000000000000000,0.000000000000000000,0.000000000000000000,0.000000000000000000,-0.955907315804538915,0.000000000000000000,0.000000000000000000,0.000000000000000000,0.009708933337374202
5,pair_l1_l1,96,0.000000000000000000,0.000000000000000000,0.955907315804538915,0.000000000000000000,0.000000000000000000,0.000000000000000000,0.000000000000000000,0.955907315804538915,0.000000000000000000,0.000000000000000000,0.000000000000000000,0.009708933337374202
5,pair_l1_l1,97,0.000000000000000000,0.000000000000000000,-0.955907315804538915,0.000000000000000000,0.000000000000000000,0.000000000000000000,0.000000000000000000,0.000000000000000000,-0.955907315804538915,0.000000000000000000,0.000000000000000000,0.009708933337374202
5,pair_l1_l1,98,0.000000000000000000,0.000000000000000000,-0.955907315804538915,0.000000000000000000,0.000000000000000000,0.000000000000000000,0.000000000000000000,0.000000000000000000,0.955907315804538915,0.000000000000000000,0.000000000000000000,0.009708933337374202
5,pair_l1_l1,99,0.000000000000000000,0.000000000000000000,0.955907315804538915,0.000000000000000000,0.000000000000000000,0.000000000000000000,0.000000000000000000,0.000000000000000000,-0.955907315804538915,0.000000000000000000,0.000000000000000000,0.009708933337374202
5,pair_l1_l1,100,0.000000000000000000,0.000000000000000000,0.955907315804538915,0.000000000000000000,0.000000000000000000,0.000000000000000000,0.000000000000000000,0.000000000000000000,0.955907315804538915,0.000000000000000000,0.000000000000000000,0.009708933337374202
5,pair_l1_l1,101,0.000000000000000000,0.000000000000000000,-0.955907315804538915,0.000000000000000000,0.000000000000000000,0.000000000000000000,0.000000000000000000,0.000000000000000000,0.000000000000000000,-0.955907315804538915,0.000000000000000000,0.009708933337374202
5,pair_l1_l1,102,0.000000000000000000,0.000000000000000000,-0.955907315804538915,0.000000000000000000,0.000000000000000000,0.000000000000000000,0.000000000000000000,0.000000000000000000,0.000000000000000000,0.955907315804538915,0.000000000000000000,0.009708933337374202
5,pair_l1_l1,103,0.000000000000000000,0.000000000000000000,0.955907315804538915,0.000000000000000000,0.000000000000000000,0.000000000000000000,0.000000000000000000,0.000000000000000000,0.000000000000000000,-0.955907315804538915,0.000000000000000000,0.009708933337374202
5,pair_l1_l1,104,0.000000000000000000,0.000000000000000000,0.955907315804538915,0.000000000000000000,0.000000000000000000,0.000000000000000000,0.000000000000000000,0.000000000000000000,0.000000000000000000,0.955907315804538915,0.000000000000000000,0.009708933337374202
5,pair_l1_l1,105,0.000000000000000000,0.000000000000000000,-0.955907315804538915,0.000000000000000000,0.000000000000000000,0.000000000000000000,0.000000000000000000,0.000000000000000000,0.000000000000000000,0.000000000000000000,-0.955907315804538915,0.009708933337374202
5,pair_l1_l1,106,0.000000000000000000,0.000000000000000000,-0.955907315804538915,0.000000000000000000,0.000000000000000000,0.000000000000000000,0.000000000000000000,0.000000000000000000,0.000000000000000000,0.000000000000000000,0.955907315804538915,0.009708933337374202
5,pair_l1_l1,107,0.000000000000000000,0.000000000000000000,0.955907315804538915,0.000000000000000000,0.000000000000000000,0.000000000000000000,0.000000000000000000,0.000000000000000000,0.000000000000000000,0.000000000000000000,-0.955907315804538915,0.009708933337374202
5,pair_l1_l1,108,0.000000000000000000,0.000000000000000000,0.955907315804538915,0.000000000000000000,0.000000000000000000,0.000000000000000000,0.000000000000000000,0.000000000000000000,0.000000000000000000,0.000000000000000000,0.955907315804538915,0.009708933337374202
5,pair_l1_l1,109,0.000000000000000000,0.000000000000000000,0.000000000000000000,-0.955907315804538915,-0.955907315804538915,0.000000000000000000,0.000000000000000000,0.000000000000000000,0.000000000000000000,0.000000000000000000,0.000000000000000000,0.009708933337374202
5,pair_l1_l1,110,0.000000000000000000,0.000000000000000000,0.000000000000000000,-0.955907315804538915,0.955907315804538915,0.000000000000000000,0.000000000000000000,0.000000000000000000,0.000000000000000000,0.000000000000000000,0.000000000000000000,0.009708933337374202
5,pair_l1_l1,111,0.000000000000000000,0.000000000000000000,0.000000000000000000,0.955907315804538915,-0.955907315804538915,0.000000000000000000,0.000000000000000000,0.000000000000000000,0.000000000000000000,0.000000000000000000,0.000000000000000000,0.009708933337374202
5,pair_l1_l1,112,0.000000000000000000,0.000000000000000000,0.000000000000000000,0.955907315804538915,0.955907315804538915,0.000000000000000000,0.000000000000000000,0.000000000000000000,0.000000000000000000,0.000000000000000000,0.000000000000000000,0.009708933337374202
5,pair_l1_l1,113,0.000000000000000000,0.000000000000000000,0.000000000000000000,-0.955907315804538915,0.000000000000000000,-0.955907315804538915,0.000000000000000000,0.000000000000000000,0.000000000000000000,0.000000000000000000,0.000000000000000000,0.009708933337374202
5,pair_l1_l1,114,0.000000000000000000,0.000000000000000000,0.000000000000000000,-0.955907315804538915,0.000000000000000000,0.955907315804538915,0.000000000000000000,0.000000000000000000,0.000000000000000000,0.000000000000000000,0.000000000000000000,0.009708933337374202
5,pair_l1_l1,115,0.000000000000000000,0.000000000000000000,0.000000000000000000,0.955907315804538915,0.000000000000000000,-0.955907315804538915,0.000000000000000000,0.000000000000000000,0.000000000000000000,0.000000000000000000,0.000000000000000000,0.009708933337374202
5,pair_l1_l1,116,0.000000000000000000,0.000000000000000000,0.000000000000000000,0.955907315804538915,0.000000000000000000,0.955907315804538915,0.000000000000000000,0.000000000000000000,0.000000000000000000,0.000000000000000000,0.000000000000000000,0.009708933337374202
5,pair_l1_l1,117,0.000000000000000000,0.000000000000000000,0.000000000000000000,-0.955907315804538915,0.000000000000000000,0.000000000000000000,-0.955907315804538915,0.000000000000000000,0.000000000000000000,0.000000000000000000,0.000000000000000000,0.009708933337374202
5,pair_l1_l1,118,0.000000000000000000,0.000000000000000000,0.000000000000000000,-0.955907315804538915,0.000000000000000000,0.000000000000000000,0.955907315804538915,0.000000000000000000,0.000000000000000000,0.000000000000000000,0.000000000000000000,0.009708933337374202
5,pair_l1_l1,119,0.000000000000000000,0.000000000000000000,0.000000000000000000,0.955907315804538915,0.000000000000000000,0.000000000000000000,-0.955907315804538915,0.000000000000000000,0.000000000000000000,0.000000000000000000,0.000000000000000000,0.009708933337374202
5,pair_l1_l1,120,0.000000000000000000,0.000000000000000000,0.000000000000000000,0.955907315804538915,0.000000000000000000,0.000000000000000000,0.955907315804538915,0.000000000000000000,0.000000000000000000,0.000000000000000000,0.000000000000000000,0.009708933337374202
5,pair_l1_l1,121,0.000000000000000000,0.000000000000000000,0.000000000000000000,-0.955907315804538915,0.000000000000000000,0.000000000000000000,0.000000000000000000,-0.955907315804538915,0.000000000000000000,0.000000000000000000,0.000000000000000000,0.009708933337374202
5,pair_l1_l1,122,0.000000000000000000,0.000000000000000000,0.000000000000000000,-0.955907315804538915,0.000000000000000000,0.000000000000000000,0.000000000000000000,0.955907315804538915,0.000000000000000000,0.000000000000000000,0.000000000000000000,0.009708933337374202
5,pair_l1_l1,123,0.000000000000000000,0.000000000000000000,0.000000000000000000,0.955907315804538915,0.000000000000000000,0.000000000000000000,0.000000000000000000,-0.955907315804538915,0.000000000000000000,0.000000000000000000,0.000000000000000000,0.009708933337374202
5,pair_l1_l1,124,0.000000000000000000,0.000000000000000000,0.000000000000000000,0.955907315804538915,0.000000000000000000,0.000000000000000000,0.000000000000000000,0.955907315804538915,0.000000000000000000,0.000000000000000000,0.000000000000000000,0.009708933337374202
5,pair_l1_l1,125,0.000000000000000000,0.000000000000000000,0.000000000000000000,-0.955907315804538915,0.000000000000000000,0.000000000000000000,0.000000000000000000,0.000000000000000000,-0.955907315804538915,0.000000000000000000,0.000000000000000000,0.009708933337374202
5,pair_l1_l1,126,0.000000000000000000,0.000000000000000000,0.000000000000000000,-0.955907315804538915,0.000000000000000000,0.000000000000000000,0.000000000000000000,0.000000000000000000,0.955907315804538915,0.000000000000000000,0.000000000000000000,0.009708933337374202
5,pair_l1_l1,127,0.000000000000000000,0.000000000000000000,0.000000000000000000,0.955907315804538915,0.000000000000000000,0.000000000000000000,0.000000000000000000,0.000000000000000000,-0.955907315804538915,0.000000000000000000,0.000000000000000000,0.009708933337374202
5,pair_l1_l1,128,0.000000000000000000,0.000000000000000000,0.000000000000000000,0.955907315804538915,0.000000000000000000,0.000000000000000000,0.000000000000000000,0.000000000000000000,0.955907315804538915,0.000000000000000000,0.000000000000000000,0.009708933337374202
5,pair_l1_l1,129,0.000000000000000000,0.000000000000000000,0.000000000000000000,-0.955907315804538915,0.000000000000000000,0.000000000000000000,0.000000000000000000,0.000000000000000000,0.000000000000000000,-0.955907315804538915,0.000000000000000000,0.009708933337374202
5,pair_l1_l1,130,0.000000000000000000,0.000000000000000000,0.000000000000000000,-0.955907315804538915,0.000000000000000000,0.000000000000000000,0.000000000000000000,0.000000000000000000,0.000000000000000000,0.955907315804538915,0.000000000000000000,0.009708933337374202
5,pair_l1_l1,131,0.000000000000000000,0.000000000000000000,0.000000000000000000,0.955907315804538915,0.000000000000000000,0.000000000000000000,0.000000000000000000,0.000000000000000000,0.000000000000000000,-0.955907315804538915,0.000000000000000000,0.009708933337374202
5,pair_l1_l1,132,0.000000000000000000,0.000000000000000000,0.000000000000000000,0.955907315804538915,0.000000000000000000,0.000000000000000000,0.000000000000000000,0.000000000000000000,0.000000000000000000,0.955907315804538915,0.000000000000000000,0.009708933337374202
5,pair_l1_l1,133,0.000000000000000000,0.000000000000000000,0.000000000000000000,-0.955907315804538915,0.000000000000000000,0.000000000000000000,0.000000000000000000,0.000000000000000000,0.000000000000000000,0.000000000000000000,-0.955907315804538915,0.009708933337374202
5,pair_l1_l1,134,0.000000000000000000,0.000000000000000000,0.000000000000000000,-0.955907315804538915,0.000000000000000000,0.000000000000000000,0.000000000000000000,0.000000000000000000,0.000000000000000000,0.000000000000000000,0.955907315804538915,0.009708933337374202
5,pair_l1_l1,135,0.000000000000000000,0.000000000000000000,0.000000000000000000,0.955907315804538915,0.000000000000000000,0.000000000000000000,0.000000000000000000,0.000000000000000000,0.000000000000000000,0.000000000000000000,-0.955907315804538915,0.009708933337374202
5,pair_l1_l1,136,0.000000000000000000,0.000000000000000000,0.000000000000000000,0.955907315804538915,0.000000000000000000,0.000000000000000000,0.000000000000000000,0.000000000000000000,0.000000000000000000,0.000000000000000000,0.955907315804538915,0.009708933337374202
5,pair_l1_l1,137,0.000000000000000000,0.000000000000000000,0.000000000000000000,0.000000000000000000,-0.955907315804538915,-0.955907315804538915,0.000000000000000000,0.000000000000000000,0.000000000000000000,0.000000000000000000,0.000000000000000000,0.009708933337374202
5,pair_l1_l1,138,0.000000000000000000,0.000000000000000000,0.000000000000000000,0.000000000000000000,-0.955907315804538915,0.955907315804538915,0.000000000000000000,0.000000000000000000,0.000000000000000000,0.000000000000000000,0.000000000000000000,0.009708933337374202
5,pair_l1_l1,139,0.000000000000000000,0.000000000000000000,0.000000000000000000,0.000000000000000000,0.955907315804538915,-0.955907315804538915,0.000000000000000000,0.000000000000000000,0.000000000000000000,0.000000000000000000,0.000000000000000000,0.009708933337374202
5,pair_l1_l1,140,0.000000000000000000,0.000000000000000000,0.000000000000000000,0.000000000000000000,0.955907315804538915,0.955907315804538915,0.000000000000000000,0.000000000000000000,0.000000000000000000,0.000000000000000000,0.000000000000000000,0.009708933337374202
5,pair_l1_l1,141,0.000000000000000000,0.000000000000000000,0.000000000000000000,0.000000000000000000,-0.955907315804538915,0.000000000000000000,-0.955907315804538915,0.000000000000000000,0.000000000000000000,0.000000000000000000,0.000000000000000000,0.009708933337374202
5,pair_l1_l1,142,0.000000000000000000,0.000000000000000000,0.000000000000000000,0.000000000000000000,-0.955907315804538915,0.000000000000000000,0.955907315804538915,0.000000000000000000,0.000000000000000000,0.000000000000000000,0.000000000000000000,0.009708933337374202
5,pair_l1_l1,143,0.000000000000000000,0.000000000000000000,0.000000000000000000,0.000000000000000000,0.955907315804538915,0.000000000000000000,-0.955907315804538915,0.000000000000000000,0.000000000000000000,0.000000000000000000,0.000000000000000000,0.009708933337374202
5,pair_l1_l1,144,0.000000000000000000,0.000000000000000000,0.000000000000000000,0.000000000000000000,0.955907315804538915,0.000000000000000000,0.955907315804538915,0.000000000000000000,0.000000000000000000,0.000000000000000000,0.000000000000000000,0.009708933337374202
5,pair_l1_l1,145,0.000000000000000000,0.000000000000000000,0.000000000000000000,0.000000000000000000,-0.955907315804538915,0.000000000000000000,0.000000000000000000,-0.955907315804538915,0.000000000000000000,0.000000000000000000,0.000000000000000000,0.009708933337374202
5,pair_l1_l1,146,0.000000000000000000,0.000000000000000000,0.000000000000000000,0.000000000000000000,-0.955907315804538915,0.000000000000000000,0.000000000000000000,0.955907315804538915,0.000000000000000000,0.000000000000000000,0.000000000000000000,0.009708933337374202
5,pair_l1_l1,147,0.000000000000000000,0.000000000000000000,0.000000000000000000,0.000000000000000000,0.955907315804538915,0.000000000000000000,0.000000000000000000,-0.955907315804538915,0.000000000000000000,0.000000000000000000,0.000000000000000000,0.009708933337374202
5,pair_l1_l1,148,0.000000000000000000,0.000000000000000000,0.000000000000000000,0.000000000000000000,0.955907315804538915,0.000000000000000000,0.000000000000000000,0.955907315804538915,0.000000000000000000,0.000000000000000000,0.000000000000000000,0.009708933337374202
5,pair_l1_l1,149,0.000000000000000000,0.000000000000000000,0.000000000000000000,0.000000000000000000,-0.955907315804538915,0.000000000000000000,0.000000000000000000,0.000000000000000000,-0.955907315804538915,0.000000000000000000,0.000000000000000000,0.009708933337374202
5,pair_l1_l1,150,0.000000000000000000,0.000000000000000000,0.000000000000000000,0.000000000000000000,-0.955907315804538915,0.000000000000000000,0.000000000000000000,0.000000000000000000,0.955907315804538915,0.000000000000000000,0.000000000000000000,0.009708933337374202
5,pair_l1_l1,151,0.000000000000000000,0.000000000000000000,0.000000000000000000,0.000000000000000000,0.955907315804538915,0.000000000000000000,0.000000000000000000,0.000000000000000000,-0.955907315804538915,0.000000000000000000,0.000000000000000000,0.009708933337374202
5,pair_l1_l1,152,0.000000000000000000,0.000000000000000000,0.000000000000000000,0.000000000000000000,0.955907315804538915,0.000000000000000000,0.000000000000000000,0.000000000000000000,0.955907315804538915,0.000000000000000000,0.000000000000000000,0.009708933337374202
5,pair_l1_l1,153,0.000000000000000000,0.000000000000000000,0.000000000000000000,0.000000000000000000,-0.955907315804538915,0.000000000000000000,0.000000000000000000,0.000000000000000000,0.000000000000000000,-0.955907315804538915,0.000000000000000000,0.009708933337374202
5,pair_l1_l1,154,0.000000000000000000,0.000000000000000000,0.000000000000000000,0.000000000000000000,-0.955907315804538915,0.000000000000000000,0.000000000000000000,0.000000000000000000,0.000000000000000000,0.955907315804538915,0.000000000000000000,0.009708933337374202
5,pair_l1_l1,155,0.000000000000000000,0.000000000000000000,0.000000000000000000,0.000000000000000000,0.955907315804538915,0.000000000000000000,0.000000000000000000,0.000000000000000000,0.000000000000000000,-0.955907315804538915,0.000000000000000000,0.009708933337374202
5,pair_l1_l1,156,0.000000000000000000,0.000000000000000000,0.000000000000000000,0.000000000000000000,0.955907315804538915,0.000000000000000000,0.000000000000000000,0.000000000000000000,0.000000000000000000,0.955907315804538915,0.000000000000000000,0.009708933337374202
5,pair_l1_l1,157,0.000000000000000000,0.000000000000000000,0.000000000000000000,0.000000000000000000,-0.955907315804538915,0.000000000000000000,0.000000000000000000,0.000000000000000000,0.000000000000000000,0.000000000000000000,-0.955907315804538915,0.009708933337374202
5,pair_l1_l1,158,0.000000000000000000,0.000000000000000000,0.000000000000000000,0.000000000000000000,-0.955907315804538915,0.000000000000000000,0.000000000000000000,0.000000000000000000,0.000000000000000000,0.000000000000000000,0.955907315804538915,0.009708933337374202
5,pair_l1_l1,159,0.000000000000000000,0.000000000000000000,0.000000000000000000,0.000000000000000000,0.955907315804538915,0.000000000000000000,0.000000000000000000,0.000000000000000000,0.000000000000000000,0.000000000000000000,-0.955907315804538915,0.009708933337374202
5,pair_l1_l1,160,0.000000000000000000,0.000000000000000000,0.000000000000000000,0.000000000000000000,0.955907315804538915,0.000000000000000000,0.000000000000000000,0.000000000000000000,0.000000000000000000,0.000000000000000000,0.955907315804538915,0.009708933337374202
5,pair_l1_l1,161,0.000000000000000000,0.000000000000000000,0.000000000000000000,0.000000000000000000,0.000000000000000000,-0.955907315804538915,-0.955907315804538915,0.000000000000000000,0.000000000000000000,0.000000000000000000,0.000000000000000000,0.009708933337374202
5,pair_l1_l1,162,0.000000000000000000,0.000000000000000000,0.000000000000000000,0.000000000000000000,0.000000000000000000,-0.955907315804538915,0.955907315804538915,0.000000000000000000,0.000000000000000000,0.000000000000000000,0.000000000000000000,0.009708933337374202
5,pair_l1_l1,163,0.000000000000000000,0.000000000000000000,0.000000000000000000,0.000000000000000000,0.000000000000000000,0.955907315804538915,-0.955907315804538915,0.000000000000000000,0.000000000000000000,0.000000000000000000,0.000000000000000000,0.009708933337374202
5,pair_l1_l1,164,0.000000000000000000,0.000000000000000000,0.000000000000000000,0.000000000000000000,0.000000000000000000,0.955907315804538915,0.955907315804538915,0.000000000000000000,0.000000000000000000,0.000000000000000000,0.000000000000000000,0.009708933337374202
5,pair_l1_l1,165,0.000000000000000000,0.000000000000000000,0.000000000000000000,0.000000000000000000,0.000000000000000000,-0.955907315804538915,0.000000000000000000,-0.955907315804538915,0.000000000000000000,0.000000000000000000,0.000000000000000000,0.009708933337374202
5,pair_l1_l1,166,0.000000000000000000,0.000000000000000000,0.000000000000000000,0.000000000000000000,0.000000000000000000,-0.955907315804538915,0.000000000000000000,0.955907315804538915,0.000000000000000000,0.000000000000000000,0.000000000000000000,0.009708933337374202
5,pair_l1_l1,167,0.000000000000000000,0.000000000000000000,0.000000000000000000,0.000000000000000000,0.000000000000000000,0.955907315804538915,0.000000000000000000,-0.955907315804538915,0.000000000000000000,0.000000000000000000,0.000000000000000000,0.009708933337374202
5,pair_l1_l1,168,0.000000000000000000,0.000000000000000000,0.000000000000000000,0.000000000000000000,0.000000000000000000,0.955907315804538915,0.000000000000000000,0.955907315804538915,0.000000000000000000,0.000000000000000000,0.000000000000000000,0.009708933337374202
5,pair_l1_l1,169,0.000000000000000000,0.000000000000000000,0.000000000000000000,0.000000000000000000,0.000000000000000000,-0.955907315804538915,0.000000000000000000,0.000000000000000000,-0.955907315804538915,0.000000000000000000,0.000000000000000000,0.009708933337374202
5,pair_l1_l1,170,0.000000000000000000,0.000000000000000000,0.000000000000000000,0.000000000000000000,0.000000000000000000,-0.955907315804538915,0.000000000000000000,0.000000000000000000,0.955907315804538915,0.000000000000000000,0.000000000000000000,0.009708933337374202
5,pair_l1_l1,171,0.000000000000000000,0.000000000000000000,0.000000000000000000,0.000000000000000000,0.000000000000000000,0.955907315804538915,0.000000000000000000,0.000000000000000000,-0.955907315804538915,0.000000000000000000,0.000000000000000000,0.009708933337374202
5,pair_l1_l1,172,0.000000000000000000,0.000000000000000000,0.000000000000000000,0.000000000000000000,0.000000000000000000,0.955907315804538915,0.000000000000000000,0.000000000000000000,0.955907315804538915,0.000000000000000000,0.000000000000000000,0.009708933337374202
5,pair_l1_l1,173,0.000000000000000000,0.000000000000000000,0.000000000000000000,0.000000000000000000,0.000000000000000000,-0.955907315804538915,0.000000000000000000,0.000000000000000000,0.000000000000000000,-0.955907315804538915,0.000000000000000000,0.009708933337374202
5,pair_l1_l1,174,0.000000000000000000,0.000000000000000000,0.000000000000000000,0.000000000000000000,0.000000000000000000,-0.955907315804538915,0.000000000000000000,0.000000000000000000,0.000000000000000000,0.955907315804538915,0.000000000000000000,0.009708933337374202
5,pair_l1_l1,175,0.000000000000000000,0.000000000000000000,0.000000000000000000,0.000000000000000000,0.000000000000000000,0.955907315804538915,0.000000000000000000,0.000000000000000000,0.000000000000000000,-0.955907315804538915,0.000000000000000000,0.009708933337374202
5,pair_l1_l1,176,0.000000000000000000,0.000000000000000000,0.000000000000000000,0.000000000000000000,0.000000000000000000,0.955907315804538915,0.000000000000000000,0.000000000000000000,0.000000000000000000,0.955907315804538915,0.000000000000000000,0.009708933337374202
5,pair_l1_l1,177,0.000000000000000000,0.000000000000000000,0.000000000000000000,0.000000000000000000,0.000000000000000000,-0.955907315804538915,0.000000000000000000,0.000000000000000000,0.000000000000000000,0.000000000000000000,-0.955907315804538915,0.009708933337374202
5,pair_l1_l1,178,0.000000000000000000,0.000000000000000000,0.000000000000000000,0.000000000000000000,0.000000000000000000,-0.955907315804538915,0.000000000000000000,0.000000000000000000,0.000000000000000000,0.000000000000000000,0.955907315804538915,0.009708933337374202
5,pair_l1_l1,179,0.000000000000000000,0.000000000000000000,0.000000000000000000,0.000000000000000000,0.000000000000000000,0.955907315804538915,0.000000000000000000,0.000000000000000000,0.000000000000000000,0.000000000000000000,-0.955907315804538915,0.009708933337374202
5,pair_l1_l1,180,0.000000000000000000,0.000000000000000000,0.000000000000000000,0.000000000000000000,0.000000000000000000,0.955907315804538915,0.000000000000000000,0.000000000000000000,0.000000000000000000,0.000000000000000000,0.955907315804538915,0.009708933337374202
5,pair_l1_l1,181,0.000000000000000000,0.000000000000000000,0.000000000000000000,0.000000000000000000,0.000000000000000000,0.000000000000000000,-0.955907315804538915,-0.955907315804538915,0.000000000000000000,0.000000000000000000,0.000000000000000000,0.009708933337374202
5,pair_l1_l1,182,0.000000000000000000,0.000000000000000000,0.000000000000000000,0.000000000000000000,0.000000000000000000,0.000000000000000000,-0.955907315804538915,0.955907315804538915,0.000000000000000000,0.000000000000000000,0.000000000000000000,0.009708933337374202
5,pair_l1_l1,183,0.000000000000000000,0.000000000000000000,0.000000000000000000,0.000000000000000000,0.000000000000000000,0.000000000000000000,0.955907315804538915,-0.955907315804538915,0.000000000000000000,0.000000000000000000,0.000000000000000000,0.009708933337374202
5,pair_l1_l1,184,0.000000000000000000,0.000000000000000000,0.000000000000000000,0.000000000000000000,0.000000000000000000,0.000000000000000000,0.955907315804538915,0.955907315804538915,0.000000000000000000,0.000000000000000000,0.000000000000000000,0.009708933337374202
5,pair_l1_l1,185,0.000000000000000000,0.000000000000000000,0.000000000000000000,0.000000000000000000,0.000000000000000000,0.000000000000000000,-0.955907315804538915,0.000000000000000000,-0.955907315804538915,0.000000000000000000,0.000000000000000000,0.009708933337374202
5,pair_l1_l1,186,0.000000000000000000,0.000000000000000000,0.000000000000000000,0.000000000000000000,0.000000000000000000,0.000000000000000000,-0.955907315804538915,0.000000000000000000,0.955907315804538915,0.000000000000000000,0.000000000000000000,0.009708933337374202
5,pair_l1_l1,187,0.000000000000000000,0.000000000000000000,0.000000000000000000,0.000000000000000000,0.000000000000000000,0.000000000000000000,0.955907315804538915,0.000000000000000000,-0.955907315804538915,0.000000000000000000,0.000000000000000000,0.009708933337374202
5,pair_l1_l1,188,0.000000000000000000,0.000000000000000000,0.000000000000000000,0.000000000000000000,0.000000000000000000,0.000000000000000000,0.955907315804538915,0.000000000000000000,0.955907315804538915,0.000000000000000000,0.000000000000000000,0.009708933337374202
5,pair_l1_l1,189,0.000000000000000000,0.000000000000000000,0.000000000000000000,0.000000000000000000,0.000000000000000000,0.000000000000000000,-0.955907315804538915,0.000000000000000000,0.000000000000000000,-0.955907315804538915,0.000000000000000000,0.009708933337374202
5,pair_l1_l1,190,0.000000000000000000,0.000000000000000000,0.000000000000000000,0.000000000000000000,0.000000000000000000,0.000000000000000000,-0.955907315804538915,0.000000000000000000,0.000000000000000000,0.955907315804538915,0.000000000000000000,0.009708933337374202
5,pair_l1_l1,191,0.000000000000000000,0.000000000000000000,0.000000000000000000,0.000000000000000000,0.000000000000000000,0.000000000000000000,0.955907315804538915,0.000000000000000000,0.000000000000000000,-0.955907315804538915,0.000000000000000000,0.009708933337374202
5,pair_l1_l1,192,0.000000000000000000,0.000000000000000000,0.000000000000000000,0.000000000000000000,0.000000000000000000,0.000000000000000000,0.955907315804538915,0.000000000000000000,0.000000000000000000,0.955907315804538915,0.000000000000000000,0.009708933337374202
5,pair_l1_l1,193,0.000000000000000000,0.000000000000000000,0.000000000000000000,0.000000000000000000,0.000000000000000000,0.000000000000000000,-0.955907315804538915,0.000000000000000000,0.000000000000000000,0.000000000000000000,-0.955907315804538915,0.009708933337374202
5,pair_l1_l1,194,0.000000000000000000,0.000000000000000000,0.000000000000000000,0.000000000000000000,0.000000000000000000,0.000000000000000000,-0.955907315804538915,0.000000000000000000,0.000000000000000000,0.000000000000000000,0.955907315804538915,0.009708933337374202
5,pair_l1_l1,195,0.000000000000000000,0.000000000000000000,0.000000000000000000,0.000000000000000000,0.000000000000000000,0.000000000000000000,0.955907315804538915,0.000000000000000000,0.000000000000000000,0.000000000000000000,-0.955907315804538915,0.009708933337374202
5,pair_l1_l1,196,0.000000000000000000,0.000000000000000000,0.000000000000000000,0.000000000000000000,0.000000000000000000,0.000000000000000000,0.955907315804538915,0.000000000000000000,0.000000000000000000,0.000000000000000000,0.955907315804538915,0.009708933337374202
5,pair_l1_l1,197,0.000000000000000000,0.000000000000000000,0.000000000000000000,0.000000000000000000,0.000000000000000000,0.000000000000000000,0.000000000000000000,-0.955907315804538915,-0.955907315804538915,0.000000000000000000,0.000000000000000000,0.009708933337374202
5,pair_l1_l1,198,0.000000000000000000,0.000000000000000000,0.000000000000000000,0.000000000000000000,0.000000000000000000,0.000000000000000000,0.000000000000000000,-0.955907315804538915,0.955907315804538915,0.000000000000000000,0.000000000000000000,0.009708933337374202
5,pair_l1_l1,199,0.000000000000000000,0.000000000000000000,0.000000000000000000,0.000000000000000000,0.000000000000000000,0.000000000000000000,0.000000000000000000,0.955907315804538915,-0.955907315804538915,0.000000000000000000,0.000000000000000000,0.009708933337374202
5,pair_l1_l1,200,0.000000000000000000,0.000000000000000000,0.000000000000000000,0.000000000000000000,0.000000000000000000,0.000000000000000000,0.000000000000000000,0.955907315804538915,0.955907315804538915,0.000000000000000000,0.000000000000000000,0.009708933337374202
5,pair_l1_l1,201,0.000000000000000000,0.000000000000000000,0.000000000000000000,0.000000000000000000,0.000000000000000000,0.000000000000000000,0.000000000000000000,-0.955907315804538915,0.000000000000000000,-0.955907315804538915,0.000000000000000000,0.009708933337374202
5,pair_l1_l1,202,0.000000000000000000,0.000000000000000000,0.000000000000000000,0.000000000000000000,0.000000000000000000,0.000000000000000000,0.000000000000000000,-0.955907315804538915,0.000000000000000000,0.955907315804538915,0.000000000000000000,0.009708933337374202
5,pair_l1_l1,203,0.000000000000000000,0.000000000000000000,0.000000000000000000,0.000000000000000000,0.000000000000000000,0.000000000000000000,0.000000000000000000,0.955907315804538915,0.000000000000000000,-0.955907315804538915,0.000000000000000000,0.009708933337374202
5,pair_l1_l1,204,0.000000000000000000,0.000000000000000000,0.000000000000000000,0.000000000000000000,0.000000000000000000,0.000000000000000000,0.000000000000000000,0.955907315804538915,0.000000000000000000,0.955907315804538915,0.000000000000000000,0.009708933337374202
5,pair_l1_l1,205,0.000000000000000000,0.000000000000000000,0.000000000000000000,0.000000000000000000,0.000000000000000000,0.000000000000000000,0.000000000000000000,-0.955907315804538915,0.000000000000000000,0.000000000000000000,-0.955907315804538915,0.009708933337374202
5,pair_l1_l1,206,0.000000000000000000,0.000000000000000000,0.000000000000000000,0.000000000000000000,0.000000000000000000,0.000000000000000000,0.000000000000000000,-0.955907315804538915,0.000000000000000000,0.000000000000000000,0.955907315804538915,0.009708933337374202
5,pair_l1_l1,207,0.000000000000000000,0.000000000000000000,0.000000000000000000,0.000000000000000000,0.000000000000000000,0.000000000000000000,0.000000000000000000,0.955907315804538915,0.000000000000000000,0.000000000000000000,-0.955907315804538915,0.009708933337374202
5,pair_l1_l1,208,0.000000000000000000,0.000000000000000000,0.000000000000000000,0.000000000000000000,0.000000000000000000,0.000000000000000000,0.000000000000000000,0.955907315804538915,0.000000000000000000,0.000000000000000000,0.955907315804538915,0.009708933337374202
5,pair_l1_l1,209,0.000000000000000000,0.000000000000000000,0.000000000000000000,0.000000000000000000,0.000000000000000000,0.000000000000000000,0.000000000000000000,0.000000000000000000,-0.955907315804538915,-0.955907315804538915,0.000000000000000000,0.009708933337374202
5,pair_l1_l1,210,0.000000000000000000,0.000000000000000000,0.000000000000000000,0.000000000000000000,0.000000000000000000,0.000000000000000000,0.000000000000000000,0.000000000000000000,-0.955907315804538915,0.955907315804538915,0.000000000000000000,0.009708933337374202
5,pair_l1_l1,211,0.000000000000000000,0.000000000000000000,0.000000000000000000,0.000000000000000000,0.000000000000000000,0.000000000000000000,0.000000000000000000,0.000000000000000000,0.955907315804538915,-0.955907315804538915,0.000000000000000000,0.009708933337374202
5,pair_l1_l1,212,0.000000000000000000,0.000000000000000000,0.000000000000000000,0.000000000000000000,0.000000000000000000,0.000000000000000000,0.000000000000000000,0.000000000000000000,0.955907315804538915,0.955907315804538915,0.000000000000000000,0.009708933337374202
5,pair_l1_l1,213,0.000000000000000000,0.000000000000000000,0.000000000000000000,0.000000000000000000,0.000000000000000000,0.000000000000000000,0.000000000000000000,0.000000000000000000,-0.955907315804538915,0.000000000000000000,-0.955907315804538915,0.009708933337374202
5,pair_l1_l1,214,0.000000000000000000,0.000000000000000000,0.000000000000000000,0.000000000000000000,0.000000000000000000,0.000000000000000000,0.000000000000000000,0.000000000000000000,-0.955907315804538915,0.000000000000000000,0.955907315804538915,0.009708933337374202
5,pair_l1_l1,215,0.000000000000000000,0.000000000000000000,0.000000000000000000,0.000000000000000000,0.000000000000000000,0.000000000000000000,0.000000000000000000,0.000000000000000000,0.955907315804538915,0.000000000000000000,-0.955907315804538915,0.009708933337374202
5,pair_l1_l1,216,0.000000000000000000,0.000000000000000000,0.000000000000000000,0.000000000000000000,0.000000000000000000,0.000000000000000000,0.000000000000000000,0.000000000000000000,0.955907315804538915,0.000000000000000000,0.955907315804538915,0.009708933337374202
5,pair_l1_l1,217,0.000000000000000000,0.000000000000000000,0.000000000000000000,0.000000000000000000,0.000000000000000000,0.000000000000000000,0.000000000000000000,0.000000000000000000,0.000000000000000000,-0.955907315804538915,-0.955907315804538915,0.009708933337374202
5,pair_l1_l1,218,0.000000000000000000,0.000000000000000000,0.000000000000000000,0.000000000000000000,0.000000000000000000,0.000000000000000000,0.000000000000000000,0.000000000000000000,0.000000000000000000,-0.955907315804538915,0.955907315804538915,0.009708933337374202
5,pair_l1_l1,219,0.000000000000000000,0.000000000000000000,0.000000000000000000,0.000000000000000000,0.000000000000000000,0.000000000000000000,0.000000000000000000,0.000000000000000000,0.000000000000000000,0.955907315804538915,-0.955907315804538915,0.009708933337374202
5,pair_l1_l1,220,0.000000000000000000,0.000000000000000000,0.000000000000000000,0.000000000000000000,0.000000000000000000,0.000000000000000000,0.000000000000000000,0.000000000000000000,0.000000000000000000,0.955907315804538915,0.955907315804538915,0.009708933337374202
6,full_diag_l0,1,-0.686075797561756295,-0.686075797561756295,-0.686075797561756295,-0.686075797561756295,-0.686075797561756295,-0.686075797561756295,-0.686075797561756295,-0.686075797561756295,-0.686075797561756295,-0.686075797561756295,-0.686075797561756295,0.000173409820471358
6,full_diag_l0,2,-0.686075797561756295,-0.686075797561756295,-0.686075797561756295,-0.686075797561756295,-0.686075797561756295,-0.686075797561756295,-0.686075797561756295,-0.686075797561756295,-0.686075797561756295,-0.686075797561756295,0.686075797561756295,0.000173409820471358
6,full_diag_l0,3,-0.686075797561756295,-0.686075797561756295,-0.686075797561756295,-0.686075797561756295,-0.686075797561756295,-0.686075797561756295,-0.686075797561756295,-0.686075797561756295,-0.686075797561756295,0.686075797561756295,-0.686075797561756295,0.000173409820471358
6,full_diag_l0,4,-0.686075797561756295,-0.686075797561756295,-0.686075797561756295,-0.686075797561756295,-0.686075797561756295,-0.686075797561756295,-0.686075797561756295,-0.686075797561756295,-0.686075797561756295,0.686075797561756295,0.686075797561756295,0.000173409820471358
6,full_diag_l0,5,-0.686075797561756295,-0.686075797561756295,-0.686075797561756295,-0.686075797561756295,-0.686075797561756295,-0.686075797561756295,-0.686075797561756295,-0.686075797561756295,0.686075797561756295,-0.686075797561756295,-0.686075797561756295,0.000173409820471358
6,full_diag_l0,6,-0.686075797561756295,-0.686075797561756295,-0.686075797561756295,-0.686075797561756295,-0.686075797561756295,-0.686075797561756295,-0.686075797561756295,-0.686075797561756295,0.686075797561756295,-0.686075797561756295,0.686075797561756295,0.000173409820471358
6,full_diag_l0,7,-0.686075797561756295,-0.686075797561756295,-0.686075797561756295,-0.686075797561756295,-0.686075797561756295,-0.686075797561756295,-0.686075797561756295,-0.686075797561756295,0.686075797561756295,0.686075797561756295,-0.686075797561756295,0.000173409820471358
6,full_diag_l0,8,-0.686075797561756295,-0.686075797561756295,-0.686075797561756295,-0.686075797561756295,-0.686075797561756295,-0.686075797561756295,-0.686075797561756295,-0.686075797561756295,0.686075797561756295,0.686075797561756295,0.686075797561756295,0.000173409820471358
6,full_diag_l0,9,-0.686075797561756295,-0.686075797561756295,-0.686075797561756295,-0.686075797561756295,-0.686075797561756295,-0.686075797561756295,-0.686075797561756295,0.686075797561756295,-0.686075797561756295,-0.686075797561756295,-0.686075797561756295,0.000173409820471358
6,full_diag_l0,10,-0.686075797561756295,-0.686075797561756295,-0.686075797561756295,-0.686075797561756295,-0.686075797561756295,-0.686075797561756295,-0.686075797561756295,0.686075797561756295,-0.686075797561756295,-0.686075797561756295,0.686075797561756295,0.000173409820471358
6,full_diag_l0,11,-0.686075797561756295,-0.686075797561756295,-0.686075797561756295,-0.686075797561756295,-0.686075797561756295,-0.686075797561756295,-0.686075797561756295,0.686075797561756295,-0.686075797561756295,0.686075797561756295,-0.686075797561756295,0.000173409820471358
6,full_diag_l0,12,-0.686075797561756295,-0.686075797561756295,-0.686075797561756295,-0.686075797561756295,-0.686075797561756295,-0.686075797561756295,-0.686075797561756295,0.686075797561756295,-0.686075797561756295,0.686075797561756295,0.686075797561756295,0.000173409820471358
6,full_diag_l0,13,-0.686075797561756295,-0.686075797561756295,-0.686075797561756295,-0.686075797561756295,-0.686075797561756295,-0.686075797561756295,-0.686075797561756295,0.686075797561756295,0.686075797561756295,-0.686075797561756295,-0.686075797561756295,0.000173409820471358
6,full_diag_l0,14,-0.686075797561756295,-0.686075797561756295,-0.686075797561756295,-0.686075797561756295,-0.686075797561756295,-0.686075797561756295,-0.686075797561756295,0.686075797561756295,0.686075797561756295,-0.686075797561756295,0.686075797561756295,0.000173409820471358
6,full_diag_l0,15,-0.686075797561756295,-0.686075797561756295,-0.686075797561756295,-0.686075797561756295,-0.686075797561756295,-0.686075797561756295,-0.686075797561756295,0.686075797561756295,0.686075797561756295,0.686075797561756295,-0.686075797561756295,0.000173409820471358
6,full_diag_l0,16,-0.686075797561756295,-0.686075797561756295,-0.686075797561756295,-0.686075797561756295,-0.686075797561756295,-0.686075797561756295,-0.686075797561756295,0.686075797561756295,0.686075797561756295,0.686075797561756295,0.686075797561756295,0.000173409820471358
6,full_diag_l0,17,-0.686075797561756295,-0.686075797561756295,-0.686075797561756295,-0.686075797561756295,-0.686075797561756295,-0.686075797561756295,0.686075797561756295,-0.686075797561756295,-0.686075797561756295,-0.686075797561756295,-0.686075797561756295,0.000173409820471358
6,full_diag_l0,18,-0.686075797561756295,-0.686075797561756295,-0.686075797561756295,-0.686075797561756295,-0.686075797561756295,-0.686075797561756295,0.686075797561756295,-0.686075797561756295,-0.686075797561756295,-0.686075797561756295,0.686075797561756295,0.000173409820471358
6,full_diag_l0,19,-0.686075797561756295,-0.686075797561756295,-0.686075797561756295,-0.686075797561756295,-0.686075797561756295,-0.686075797561756295,0.686075797561756295,-0.686075797561756295,-0.686075797561756295,0.686075797561756295,-0.686075797561756295,0.000173409820471358
6,full_diag_l0,20,-0.686075797561756295,-0.686075797561756295,-0.686075797561756295,-0.686075797561756295,-0.686075797561756295,-0.686075797561756295,0.686075797561756295,-0.686075797561756295,-0.686075797561756295,0.686075797561756295,0.686075797561756295,0.000173409820471358
6,full_diag_l0,21,-0.686075797561756295,-0.686075797561756295,-0.686075797561756295,-0.686075797561756295,-0.686075797561756295,-0.686075797561756295,0.686075797561756295,-0.686075797561756295,0.686075797561756295,-0.686075797561756295,-0.686075797561756295,0.000173409820471358
6,full_diag_l0,22,-0.686075797561756295,-0.686075797561756295,-0.686075797561756295,-0.686075797561756295,-0.686075797561756295,-0.686075797561756295,0.686075797561756295,-0.686075797561756295,0.686075797561756295,-0.686075797561756295,0.686075797561756295,0.000173409820471358
6,full_diag_l0,23,-0.686075797561756295,-0.686075797561756295,-0.686075797561756295,-0.686075797561756295,-0.686075797561756295,-0.686075797561756295,0.686075797561756295,-0.686075797561756295,0.686075797561756295,0.686075797561756295,-0.686075797561756295,0.000173409820471358
6,full_diag_l0,24,-0.686075797561756295,-0.686075797561756295,-0.686075797561756295,-0.686075797561756295,-0.686075797561756295,-0.686075797561756295,0.686075797561756295,-0.686075797561756295,0.686075797561756295,0.686075797561756295,0.686075797561756295,0.000173409820471358
6,full_diag_l0,25,-0.686075797561756295,-0.686075797561756295,-0.686075797561756295,-0.686075797561756295,-0.686075797561756295,-0.686075797561756295,0.686075797561756295,0.686075797561756295,-0.686075797561756295,-0.686075797561756295,-0.686075797561756295,0.000173409820471358
6,full_diag_l0,26,-0.686075797561756295,-0.686075797561756295,-0.686075797561756295,-0.686075797561756295,-0.686075797561756295,-0.686075797561756295,0.686075797561756295,0.686075797561756295,-0.686075797561756295,-0.686075797561756295,0.686075797561756295,0.000173409820471358
6,full_diag_l0,27,-0.686075797561756295,-0.686075797561756295,-0.686075797561756295,-0.686075797561756295,-0.686075797561756295,-0.686075797561756295,0.686075797561756295,0.686075797561756295,-0.686075797561756295,0.686075797561756295,-0.686075797561756295,0.000173409820471358
6,full_diag_l0,28,-0.686075797561756295,-0.686075797561756295,-0.686075797561756295,-0.686075797561756295,-0.686075797561756295,-0.686075797561756295,0.686075797561756295,0.686075797561756295,-0.686075797561756295,0.686075797561756295,0.686075797561756295,0.000173409820471358
6,full_diag_l0,29,-0.686075797561756295,-0.686075797561756295,-0.686075797561756295,-0.686075797561756295,-0.686075797561756295,-0.686075797561756295,0.686075797561756295,0.686075797561756295,0.686075797561756295,-0.686075797561756295,-0.686075797561756295,0.000173409820471358
6,full_diag_l0,30,-0.686075797561756295,-0.686075797561756295,-0.686075797561756295,-0.686075797561756295,-0.686075797561756295,-0.686075797561756295,0.686075797561756295,0.686075797561756295,0.686075797561756295,-0.686075797561756295,0.686075797561756295,0.000173409820471358
6,full_diag_l0,31,-0.686075797561756295,-0.686075797561756295,-0.686075797561756295,-0.686075797561756295,-0.686075797561756295,-0.686075797561756295,0.686075797561756295,0.686075797561756295,0.686075797561756295,0.686075797561756295,-0.686075797561756295,0.000173409820471358
6,full_diag_l0,32,-0.686075797561756295,-0.686075797561756295,-0.686075797561756295,-0.686075797561756295,-0.686075797561756295,-0.686075797561756295,0.686075797561756295,0.686075797561756295,0.686075797561756295,0.686075797561756295,0.686075797561756295,0.000173409820471358
6,full_diag_l0,33,-0.686075797561756295,-0.686075797561756295,-0.686075797561756295,-0.686075797561756295,-0.686075797561756295,0.686075797561756295,-0.686075797561756295,-0.686075797561756295,-0.686075797561756295,-0.686075797561756295,-0.686075797561756295,0.000173409820471358
6,full_diag_l0,34,-0.686075797561756295,-0.686075797561756295,-0.686075797561756295,-0.686075797561756295,-0.686075797561756295,0.686075797561756295,-0.686075797561756295,-0.686075797561756295,-0.686075797561756295,-0.686075797561756295,0.686075797561756295,0.000173409820471358
6,full_diag_l0,35,-0.686075797561756295,-0.686075797561756295,-0.686075797561756295,-0.686075797561756295,-0.686075797561756295,0.686075797561756295,-0.686075797561756295,-0.686075797561756295,-0.686075797561756295,0.686075797561756295,-0.686075797561756295,0.000173409820471358
6,full_diag_l0,36,-0.686075797561756295,-0.686075797561756295,-0.686075797561756295,-0.686075797561756295,-0.686075797561756295,0.686075797561756295,-0.686075797561756295,-0.686075797561756295,-0.686075797561756295,0.686075797561756295,0.686075797561756295,0.000173409820471358
6,full_diag_l0,37,-0.686075797561756295,-0.686075797561756295,-0.686075797561756295,-0.686075797561756295,-0.686075797561756295,0.686075797561756295,-0.686075797561756295,-0.686075797561756295,0.686075797561756295,-0.686075797561756295,-0.686075797561756295,0.000173409820471358
6,full_diag_l0,38,-0.686075797561756295,-0.686075797561756295,-0.686075797561756295,-0.686075797561756295,-0.686075797561756295,0.686075797561756295,-0.686075797561756295,-0.686075797561756295,0.686075797561756295,-0.686075797561756295,0.686075797561756295,0.000173409820471358
6,full_diag_l0,39,-0.686075797561756295,-0.686075797561756295,-0.686075797561756295,-0.686075797561756295,-0.686075797561756295,0.686075797561756295,-0.686075797561756295,-0.686075797561756295,0.686075797561756295,0.686075797561756295,-0.686075797561756295,0.000173409820471358
6,full_diag_l0,40,-0.686075797561756295,-0.686075797561756295,-0.686075797561756295,-0.686075797561756295,-0.686075797561756295,0.686075797561756295,-0.686075797561756295,-0.686075797561756295,0.686075797561756295,0.686075797561756295,0.686075797561756295,0.000173409820471358
6,full_diag_l0,41,-0.686075797561756295,-0.686075797561756295,-0.686075797561756295,-0.686075797561756295,-0.686075797561756295,0.686075797561756295,-0.686075797561756295,0.686075797561756295,-0.686075797561756295,-0.686075797561756295,-0.686075797561756295,0.000173409820471358
6,full_diag_l0,42,-0.686075797561756295,-0.686075797561756295,-0.686075797561756295,-0.686075797561756295,-0.686075797561756295,0.686075797561756295,-0.686075797561756295,0.686075797561756295,-0.686075797561756295,-0.686075797561756295,0.686075797561756295,0.000173409820471358
6,full_diag_l0,43,-0.686075797561756295,-0.686075797561756295,-0.686075797561756295,-0.686075797561756295,-0.686075797561756295,0.686075797561756295,-0.686075797561756295,0.686075797561756295,-0.686075797561756295,0.686075797561756295,-0.686075797561756295,0.000173409820471358
6,full_diag_l0,44,-0.686075797561756295,-0.686075797561756295,-0.686075797561756295,-0.686075797561756295,-0.686075797561756295,0.686075797561756295,-0.686075797561756295,0.686075797561756295,-0.686075797561756295,0.686075797561756295,0.686075797561756295,0.000173409820471358
6,full_diag_l0,45,-0.686075797561756295,-0.686075797561756295,-0.686075797561756295,-0.686075797561756295,-0.686075797561756295,0.686075797561756295,-0.686075797561756295,0.686075797561756295,0.686075797561756295,-0.686075797561756295,-0.686075797561756295,0.000173409820471358
6,full_diag_l0,46,-0.686075797561756295,-0.686075797561756295,-0.686075797561756295,-0.686075797561756295,-0.686075797561756295,0.686075797561756295,-0.686075797561756295,0.686075797561756295,0.686075797561756295,-0.686075797561756295,0.686075797561756295,0.000173409820471358
6,full_diag_l0,47,-0.686075797561756295,-0.686075797561756295,-0.686075797561756295,-0.686075797561756295,-0.686075797561756295,0.686075797561756295,-0.686075797561756295,0.686075797561756295,0.686075797561756295,0.686075797561756295,-0.686075797561756295,0.000173409820471358
6,full_diag_l0,48,-0.686075797561756295,-0.686075797561756295,-0.686075797561756295,-0.686075797561756295,-0.686075797561756295,0.686075797561756295,-0.686075797561756295,0.686075797561756295,0.686075797561756295,0.686075797561756295,0.686075797561756295,0.000173409820471358
6,full_diag_l0,49,-0.686075797561756295,-0.686075797561756295,-0.686075797561756295,-0.686075797561756295,-0.686075797561756295,0.686075797561756295,0.686075797561756295,-0.686075797561756295,-0.686075797561756295,-0.686075797561756295,-0.686075797561756295,0.000173409820471358
6,full_diag_l0,50,-0.686075797561756295,-0.686075797561756295,-0.686075797561756295,-0.686075797561756295,-0.686075797561756295,0.686075797561756295,0.686075797561756295,-0.686075797561756295,-0.686075797561756295,-0.686075797561756295,0.686075797561756295,0.000173409820471358
6,full_diag_l0,51,-0.686075797561756295,-0.686075797561756295,-0.686075797561756295,-0.686075797561756295,-0.686075797561756295,0.686075797561756295,0.686075797561756295,-0.686075797561756295,-0.686075797561756295,0.686075797561756295,-0.686075797561756295,0.000173409820471358
6,full_diag_l0,52,-0.686075797561756295,-0.686075797561756295,-0.686075797561756295,-0.686075797561756295,-0.686075797561756295,0.686075797561756295,0.686075797561756295,-0.686075797561756295,-0.686075797561756295,0.686075797561756295,0.686075797561756295,0.000173409820471358
6,full_diag_l0,53,-0.686075797561756295,-0.686075797561756295,-0.686075797561756295,-0.686075797561756295,-0.686075797561756295,0.686075797561756295,0.686075797561756295,-0.686075797561756295,0.686075797561756295,-0.686075797561756295,-0.686075797561756295,0.000173409820471358
6,full_diag_l0,54,-0.686075797561756295,-0.686075797561756295,-0.686075797561756295,-0.686075797561756295,-0.686075797561756295,0.686075797561756295,0.686075797561756295,-0.686075797561756295,0.686075797561756295,-0.686075797561756295,0.686075797561756295,0.000173409820471358
6,full_diag_l0,55,-0.686075797561756295,-0.686075797561756295,-0.686075797561756295,-0.686075797561756295,-0.686075797561756295,0.686075797561756295,0.686075797561756295,-0.686075797561756295,0.686075797561756295,0.686075797561756295,-0.686075797561756295,0.000173409820471358
6,full_diag_l0,56,-0.686075797561756295,-0.686075797561756295,-0.686075797561756295,-0.686075797561756295,-0.686075797561756295,0.686075797561756295,0.686075797561756295,-0.686075797561756295,0.686075797561756295,0.686075797561756295,0.686075797561756295,0.000173409820471358
6,full_diag_l0,57,-0.686075797561756295,-0.686075797561756295,-0.686075797561756295,-0.686075797561756295,-0.686075797561756295,0.686075797561756295,0.686075797561756295,0.686075797561756295,-0.686075797561756295,-0.686075797561756295,-0.686075797561756295,0.000173409820471358
6,full_diag_l0,58,-0.686075797561756295,-0.686075797561756295,-0.686075797561756295,-0.686075797561756295,-0.686075797561756295,0.686075797561756295,0.686075797561756295,0.686075797561756295,-0.686075797561756295,-0.686075797561756295,0.686075797561756295,0.000173409820471358
6,full_diag_l0,59,-0.686075797561756295,-0.686075797561756295,-0.686075797561756295,-0.686075797561756295,-0.686075797561756295,0.686075797561756295,0.686075797561756295,0.686075797561756295,-0.686075797561756295,0.686075797561756295,-0.686075797561756295,0.000173409820471358
6,full_diag_l0,60,-0.686075797561756295,-0.686075797561756295,-0.686075797561756295,-0.686075797561756295,-0.686075797561756295,0.686075797561756295,0.686075797561756295,0.686075797561756295,-0.686075797561756295,0.686075797561756295,0.686075797561756295,0.000173409820471358
6,full_diag_l0,61,-0.686075797561756295,-0.686075797561756295,-0.686075797561756295,-0.686075797561756295,-0.686075797561756295,0.686075797561756295,0.686075797561756295,0.686075797561756295,0.686075797561756295,-0.686075797561756295,-0.686075797561756295,0.000173409820471358
6,full_diag_l0,62,-0.686075797561756295,-0.686075797561756295,-0.686075797561756295,-0.686075797561756295,-0.686075797561756295,0.686075797561756295,0.686075797561756295,0.686075797561756295,0.686075797561756295,-0.686075797561756295,0.686075797561756295,0.000173409820471358
6,full_diag_l0,63,-0.686075797561756295,-0.686075797561756295,-0.686075797561756295,-0.686075797561756295,-0.686075797561756295,0.686075797561756295,0.686075797561756295,0.686075797561756295,0.686075797561756295,0.686075797561756295,-0.686075797561756295,0.000173409820471358
6,full_diag_l0,64,-0.686075797561756295,-0.686075797561756295,-0.686075797561756295,-0.686075797561756295,-0.686075797561756295,0.686075797561756295,0.686075797561756295,0.686075797561756295,0.686075797561756295,0.686075797561756295,0.686075797561756295,0.000173409820471358
6,full_diag_l0,65,-0.686075797561756295,-0.686075797561756295,-0.686075797561756295,-0.686075797561756295,0.686075797561756295,-0.686075797561756295,-0.686075797561756295,-0.686075797561756295,-0.686075797561756295,-0.686075797561756295,-0.686075797561756295,0.000173409820471358
6,full_diag_l0,66,-0.686075797561756295,-0.686075797561756295,-0.686075797561756295,-0.686075797561756295,0.686075797561756295,-0.686075797561756295,-0.686075797561756295,-0.686075797561756295,-0.686075797561756295,-0.686075797561756295,0.686075797561756295,0.000173409820471358
6,full_diag_l0,67,-0.686075797561756295,-0.686075797561756295,-0.686075797561756295,-0.686075797561756295,0.686075797561756295,-0.686075797561756295,-0.686075797561756295,-0.686075797561756295,-0.686075797561756295,0.686075797561756295,-0.686075797561756295,0.000173409820471358
6,full_diag_l0,68,-0.686075797561756295,-0.686075797561756295,-0.686075797561756295,-0.686075797561756295,0.686075797561756295,-0.686075797561756295,-0.686075797561756295,-0.686075797561756295,-0.686075797561756295,0.686075797561756295,0.686075797561756295,0.000173409820471358
6,full_diag_l0,69,-0.686075797561756295,-0.686075797561756295,-0.686075797561756295,-0.686075797561756295,0.686075797561756295,-0.686075797561756295,-0.686075797561756295,-0.686075797561756295,0.686075797561756295,-0.686075797561756295,-0.686075797561756295,0.000173409820471358
6,full_diag_l0,70,-0.686075797561756295,-0.686075797561756295,-0.686075797561756295,-0.686075797561756295,0.686075797561756295,-0.686075797561756295,-0.686075797561756295,-0.686075797561756295,0.686075797561756295,-0.686075797561756295,0.686075797561756295,0.000173409820471358
6,full_diag_l0,71,-0.686075797561756295,-0.686075797561756295,-0.686075797561756295,-0.686075797561756295,0.686075797561756295,-0.686075797561756295,-0.686075797561756295,-0.686075797561756295,0.686075797561756295,0.686075797561756295,-0.686075797561756295,0.000173409820471358
6,full_diag_l0,72,-0.686075797561756295,-0.686075797561756295,-0.686075797561756295,-0.686075797561756295,0.686075797561756295,-0.686075797561756295,-0.686075797561756295,-0.686075797561756295,0.686075797561756295,0.686075797561756295,0.686075797561756295,0.000173409820471358
6,full_diag_l0,73,-0.686075797561756295,-0.686075797561756295,-0.686075797561756295,-0.686075797561756295,0.686075797561756295,-0.686075797561756295,-0.686075797561756295,0.686075797561756295,-0.686075797561756295,-0.686075797561756295,-0.686075797561756295,0.000173409820471358
6,full_diag_l0,74,-0.686075797561756295,-0.686075797561756295,-0.686075797561756295,-0.686075797561756295,0.686075797561756295,-0.686075797561756295,-0.686075797561756295,0.686075797561756295,-0.686075797561756295,-0.686075797561756295,0.686075797561756295,0.000173409820471358
6,full_diag_l0,75,-0.686075797561756295,-0.686075797561756295,-0.686075797561756295,-0.686075797561756295,0.686075797561756295,-0.686075797561756295,-0.686075797561756295,0.686075797561756295,-0.686075797561756295,0.686075797561756295,-0.686075797561756295,0.000173409820471358
6,full_diag_l0,76,-0.686075797561756295,-0.686075797561756295,-0.686075797561756295,-0.686075797561756295,0.686075797561756295,-0.686075797561756295,-0.686075797561756295,0.686075797561756295,-0.686075797561756295,0.686075797561756295,0.686075797561756295,0.000173409820471358
6,full_diag_l0,77,-0.686075797561756295,-0.686075797561756295,-0.686075797561756295,-0.686075797561756295,0.686075797561756295,-0.686075797561756295,-0.686075797561756295,0.686075797561756295,0.686075797561756295,-0.686075797561756295,-0.686075797561756295,0.000173409820471358
6,full_diag_l0,78,-0.686075797561756295,-0.686075797561756295,-0.686075797561756295,-0.686075797561756295,0.686075797561756295,-0.686075797561756295,-0.686075797561756295,0.686075797561756295,0.686075797561756295,-0.686075797561756295,0.686075797561756295,0.000173409820471358
6,full_diag_l0,79,-0.686075797561756295,-0.686075797561756295,-0.686075797561756295,-0.686075797561756295,0.686075797561756295,-0.686075797561756295,-0.686075797561756295,0.686075797561756295,0.686075797561756295,0.686075797561756295,-0.686075797561756295,0.000173409820471358
6,full_diag_l0,80,-0.686075797561756295,-0.686075797561756295,-0.686075797561756295,-0.686075797561756295,0.686075797561756295,-0.686075797561756295,-0.686075797561756295,0.686075797561756295,0.686075797561756295,0.686075797561756295,0.686075797561756295,0.000173409820471358
6,full_diag_l0,81,-0.686075797561756295,-0.686075797561756295,-0.686075797561756295,-0.686075797561756295,0.686075797561756295,-0.686075797561756295,0.686075797561756295,-0.686075797561756295,-0.686075797561756295,-0.686075797561756295,-0.686075797561756295,0.000173409820471358
6,full_diag_l0,82,-0.686075797561756295,-0.686075797561756295,-0.686075797561756295,-0.686075797561756295,0.686075797561756295,-0.686075797561756295,0.686075797561756295,-0.686075797561756295,-0.686075797561756295,-0.686075797561756295,0.686075797561756295,0.000173409820471358
6,full_diag_l0,83,-0.686075797561756295,-0.686075797561756295,-0.686075797561756295,-0.686075797561756295,0.686075797561756295,-0.686075797561756295,0.686075797561756295,-0.686075797561756295,-0.686075797561756295,0.686075797561756295,-0.686075797561756295,0.000173409820471358
6,full_diag_l0,84,-0.686075797561756295,-0.686075797561756295,-0.686075797561756295,-0.686075797561756295,0.686075797561756295,-0.686075797561756295,0.686075797561756295,-0.686075797561756295,-0.686075797561756295,0.686075797561756295,0.686075797561756295,0.000173409820471358
6,full_diag_l0,85,-0.686075797561756295,-0.686075797561756295,-0.686075797561756295,-0.686075797561756295,0.686075797561756295,-0.686075797561756295,0.686075797561756295,-0.686075797561756295,0.686075797561756295,-0.686075797561756295,-0.686075797561756295,0.000173409820471358
6,full_diag_l0,86,-0.686075797561756295,-0.686075797561756295,-0.686075797561756295,-0.686075797561756295,0.686075797561756295,-0.686075797561756295,0.686075797561756295,-0.686075797561756295,0.686075797561756295,-0.686075797561756295,0.686075797561756295,0.000173409820471358
6,full_diag_l0,87,-0.686075797561756295,-0.686075797561756295,-0.686075797561756295,-0.686075797561756295,0.686075797561756295,-0.686075797561756295,0.686075797561756295,-0.686075797561756295,0.686075797561756295,0.686075797561756295,-0.686075797561756295,0.000173409820471358
6,full_diag_l0,88,-0.686075797561756295,-0.686075797561756295,-0.686075797561756295,-0.686075797561756295,0.686075797561756295,-0.686075797561756295,0.686075797561756295,-0.686075797561756295,0.686075797561756295,0.686075797561756295,0.686075797561756295,0.000173409820471358
6,full_diag_l0,89,-0.686075797561756295,-0.686075797561756295,-0.686075797561756295,-0.686075797561756295,0.686075797561756295,-0.686075797561756295,0.686075797561756295,0.686075797561756295,-0.686075797561756295,-0.686075797561756295,-0.686075797561756295,0.000173409820471358
6,full_diag_l0,90,-0.686075797561756295,-0.686075797561756295,-0.686075797561756295,-0.686075797561756295,0.686075797561756295,-0.686075797561756295,0.686075797561756295,0.686075797561756295,-0.686075797561756295,-0.686075797561756295,0.686075797561756295,0.000173409820471358
6,full_diag_l0,91,-0.686075797561756295,-0.686075797561756295,-0.686075797561756295,-0.686075797561756295,0.686075797561756295,-0.686075797561756295,0.686075797561756295,0.686075797561756295,-0.686075797561756295,0.686075797561756295,-0.686075797561756295,0.000173409820471358
6,full_diag_l0,92,-0.686075797561756295,-0.686075797561756295,-0.686075797561756295,-0.686075797561756295,0.686075797561756295,-0.686075797561756295,0.686075797561756295,0.686075797561756295,-0.686075797561756295,0.686075797561756295,0.686075797561756295,0.000173409820471358
6,full_diag_l0,93,-0.686075797561756295,-0.686075797561756295,-0.686075797561756295,-0.686075797561756295,0.686075797561756295,-0.686075797561756295,0.686075797561756295,0.686075797561756295,0.686075797561756295,-0.686075797561756295,-0.686075797561756295,0.000173409820471358
6,full_diag_l0,94,-0.686075797561756295,-0.686075797561756295,-0.686075797561756295,-0.686075797561756295,0.686075797561756295,-0.686075797561756295,0.686075797561756295,0.686075797561756295,0.686075797561756295,-0.686075797561756295,0.686075797561756295,0.000173409820471358
6,full_diag_l0,95,-0.686075797561756295,-0.686075797561756295,-0.686075797561756295,-0.686075797561756295,0.686075797561756295,-0.686075797561756295,0.686075797561756295,0.686075797561756295,0.686075797561756295,0.686075797561756295,-0.686075797561756295,0.000173409820471358
6,full_diag_l0,96,-0.686075797561756295,-0.686075797561756295,-0.686075797561756295,-0.686075797561756295,0.686075797561756295,-0.686075797561756295,0.686075797561756295,0.686075797561756295,0.686075797561756295,0.686075797561756295,0.686075797561756295,0.000173409820471358
6,full_diag_l0,97,-0.686075797561756295,-0.686075797561756295,-0.686075797561756295,-0.686075797561756295,0.686075797561756295,0.686075797561756295,-0.686075797561756295,-0.686075797561756295,-0.686075797561756295,-0.686075797561756295,-0.686075797561756295,0.000173409820471358
6,full_diag_l0,98,-0.686075797561756295,-0.686075797561756295,-0.686075797561756295,-0.686075797561756295,0.686075797561756295,0.686075797561756295,-0.686075797561756295,-0.686075797561756295,-0.686075797561756295,-0.686075797561756295,0.686075797561756295,0.000173409820471358
6,full_diag_l0,99,-0.686075797561756295,-0.686075797561756295,-0.686075797561756295,-0.686075797561756295,0.686075797561756295,0.686075797561756295,-0.686075797561756295,-0.686075797561756295,-0.686075797561756295,0.686075797561756295,-0.686075797561756295,0.000173409820471358
6,full_diag_l0,100,-0.686075797561756295,-0.686075797561756295,-0.686075797561756295,-0.686075797561756295,0.686075797561756295,0.686075797561756295,-0.686075797561756295,-0.686075797561756295,-0.686075797561756295,0.686075797561756295,0.686075797561756295,0.000173409820471358
6,full_diag_l0,101,-0.686075797561756295,-0.686075797561756295,-0.686075797561756295,-0.686075797561756295,0.686075797561756295,0.686075797561756295,-0.686075797561756295,-0.686075797561756295,0.686075797561756295,-0.686075797561756295,-0.686075797561756295,0.000173409820471358
6,full_diag_l0,102,-0.686075797561756295,-0.686075797561756295,-0.686075797561756295,-0.686075797561756295,0.686075797561756295,0.686075797561756295,-0.686075797561756295,-0.686075797561756295,0.686075797561756295,-0.686075797561756295,0.686075797561756295,0.000173409820471358
6,full_diag_l0,103,-0.686075797561756295,-0.686075797561756295,-0.686075797561756295,-0.686075797561756295,0.686075797561756295,0.686075797561756295,-0.686075797561756295,-0.686075797561756295,0.686075797561756295,0.686075797561756295,-0.686075797561756295,0.000173409820471358
6,full_diag_l0,104,-0.686075797561756295,-0.686075797561756295,-0.686075797561756295,-0.686075797561756295,0.686075797561756295,0.686075797561756295,-0.686075797561756295,-0.686075797561756295,0.686075797561756295,0.686075797561756295,0.686075797561756295,0.000173409820471358
6,full_diag_l0,105,-0.686075797561756295,-0.686075797561756295,-0.686075797561756295,-0.686075797561756295,0.686075797561756295,0.686075797561756295,-0.686075797561756295,0.686075797561756295,-0.686075797561756295,-0.686075797561756295,-0.686075797561756295,0.000173409820471358
6,full_diag_l0,106,-0.686075797561756295,-0.686075797561756295,-0.686075797561756295,-0.686075797561756295,0.686075797561756295,0.686075797561756295,-0.686075797561756295,0.686075797561756295,-0.686075797561756295,-0.686075797561756295,0.686075797561756295,0.000173409820471358
6,full_diag_l0,107,-0.686075797561756295,-0.686075797561756295,-0.686075797561756295,-0.686075797561756295,0.686075797561756295,0.686075797561756295,-0.686075797561756295,0.686075797561756295,-0.686075797561756295,0.686075797561756295,-0.686075797561756295,0.000173409820471358
6,full_diag_l0,108,-0.686075797561756295,-0.686075797561756295,-0.686075797561756295,-0.686075797561756295,0.686075797561756295,0.686075797561756295,-0.686075797561756295,0.686075797561756295,-0.686075797561756295,0.686075797561756295,0.686075797561756295,0.000173409820471358
6,full_diag_l0,109,-0.686075797561756295,-0.686075797561756295,-0.686075797561756295,-0.686075797561756295,0.686075797561756295,0.686075797561756295,-0.686075797561756295,0.686075797561756295,0.686075797561756295,-0.686075797561756295,-0.686075797561756295,0.000173409820471358
6,full_diag_l0,110,-0.686075797561756295,-0.686075797561756295,-0.686075797561756295,-0.686075797561756295,0.686075797561756295,0.686075797561756295,-0.686075797561756295,0.686075797561756295,0.686075797561756295,-0.686075797561756295,0.686075797561756295,0.000173409820471358
6,full_diag_l0,111,-0.686075797561756295,-0.686075797561756295,-0.686075797561756295,-0.686075797561756295,0.686075797561756295,0.686075797561756295,-0.686075797561756295,0.686075797561756295,0.686075797561756295,0.686075797561756295,-0.686075797561756295,0.000173409820471358
6,full_diag_l0,112,-0.686075797561756295,-0.686075797561756295,-0.686075797561756295,-0.686075797561756295,0.686075797561756295,0.686075797561756295,-0.686075797561756295,0.686075797561756295,0.686075797561756295,0.686075797561756295,0.686075797561756295,0.000173409820471358
6,full_diag_l0,113,-0.686075797561756295,-0.686075797561756295,-0.686075797561756295,-0.686075797561756295,0.686075797561756295,0.686075797561756295,0.686075797561756295,-0.686075797561756295,-0.686075797561756295,-0.686075797561756295,-0.686075797561756295,0.000173409820471358
6,full_diag_l0,114,-0.686075797561756295,-0.686075797561756295,-0.686075797561756295,-0.686075797561756295,0.686075797561756295,0.686075797561756295,0.686075797561756295,-0.686075797561756295,-0.686075797561756295,-0.686075797561756295,0.686075797561756295,0.000173409820471358
6,full_diag_l0,115,-0.686075797561756295,-0.686075797561756295,-0.686075797561756295,-0.686075797561756295,0.686075797561756295,0.686075797561756295,0.686075797561756295,-0.686075797561756295,-0.686075797561756295,0.686075797561756295,-0.686075797561756295,0.000173409820471358
6,full_diag_l0,116,-0.686075797561756295,-0.686075797561756295,-0.686075797561756295,-0.686075797561756295,0.686075797561756295,0.686075797561756295,0.686075797561756295,-0.686075797561756295,-0.686075797561756295,0.686075797561756295,0.686075797561756295,0.000173409820471358
6,full_diag_l0,117,-0.686075797561756295,-0.686075797561756295,-0.686075797561756295,-0.686075797561756295,0.686075797561756295,0.686075797561756295,0.686075797561756295,-0.686075797561756295,0.686075797561756295,-0.686075797561756295,-0.686075797561756295,0.000173409820471358
6,full_diag_l0,118,-0.686075797561756295,-0.686075797561756295,-0.686075797561756295,-0.686075797561756295,0.686075797561756295,0.686075797561756295,0.686075797561756295,-0.686075797561756295,0.686075797561756295,-0.686075797561756295,0.686075797561756295,0.000173409820471358
6,full_diag_l0,119,-0.686075797561756295,-0.686075797561756295,-0.686075797561756295,-0.686075797561756295,0.686075797561756295,0.686075797561756295,0.686075797561756295,-0.686075797561756295,0.686075797561756295,0.686075797561756295,-0.686075797561756295,0.000173409820471358
6,full_diag_l0,120,-0.686075797561756295,-0.686075797561756295,-0.686075797561756295,-0.686075797561756295,0.686075797561756295,0.686075797561756295,0.686075797561756295,-0.686075797561756295,0.686075797561756295,0.686075797561756295,0.686075797561756295,0.000173409820471358
6,full_diag_l0,121,-0.686075797561756295,-0.686075797561756295,-0.686075797561756295,-0.686075797561756295,0.686075797561756295,0.686075797561756295,0.686075797561756295,0.686075797561756295,-0.686075797561756295,-0.686075797561756295,-0.686075797561756295,0.000173409820471358
6,full_diag_l0,122,-0.686075797561756295,-0.686075797561756295,-0.686075797561756295,-0.686075797561756295,0.686075797561756295,0.686075797561756295,0.686075797561756295,0.686075797561756295,-0.686075797561756295,-0.686075797561756295,0.686075797561756295,0.000173409820471358
6,full_diag_l0,123,-0.686075797561756295,-0.686075797561756295,-0.686075797561756295,-0.686075797561756295,0.686075797561756295,0.686075797561756295,0.686075797561756295,0.686075797561756295,-0.686075797561756295,0.686075797561756295,-0.686075797561756295,0.000173409820471358
6,full_diag_l0,124,-0.686075797561756295,-0.686075797561756295,-0.686075797561756295,-0.686075797561756295,0.686075797561756295,0.686075797561756295,0.686075797561756295,0.686075797561756295,-0.686075797561756295,0.686075797561756295,0.686075797561756295,0.000173409820471358
6,full_diag_l0,125,-0.686075797561756295,-0.686075797561756295,-0.686075797561756295,-0.686075797561756295,0.686075797561756295,0.686075797561756295,0.686075797561756295,0.686075797561756295,0.686075797561756295,-0.686075797561756295,-0.686075797561756295,0.000173409820471358
6,full_diag_l0,126,-0.686075797561756295,-0.686075797561756295,-0.686075797561756295,-0.686075797561756295,0.686075797561756295,0.686075797561756295,0.686075797561756295,0.686075797561756295,0.686075797561756295,-0.686075797561756295,0.686075797561756295,0.000173409820471358
6,full_diag_l0,127,-0.686075797561756295,-0.686075797561756295,-0.686075797561756295,-0.686075797561756295,0.686075797561756295,0.686075797561756295,0.686075797561756295,0.686075797561756295,0.686075797561756295,0.686075797561756295,-0.686075797561756295,0.000173409820471358
6,full_diag_l0,128,-0.686075797561756295,-0.686075797561756295,-0.686075797561756295,-0.686075797561756295,0.686075797561756295,0.686075797561756295,0.686075797561756295,0.686075797561756295,0.686075797561756295,0.686075797561756295,0.686075797561756295,0.000173409820471358
6,full_diag_l0,129,-0.686075797561756295,-0.686075797561756295,-0.686075797561756295,0.686075797561756295,-0.686075797561756295,-0.686075797561756295,-0.686075797561756295,-0.686075797561756295,-0.686075797561756295,-0.686075797561756295,-0.686075797561756295,0.000173409820471358
6,full_diag_l0,130,-0.686075797561756295,-0.686075797561756295,-0.686075797561756295,0.686075797561756295,-0.686075797561756295,-0.686075797561756295,-0.686075797561756295,-0.686075797561756295,-0.686075797561756295,-0.686075797561756295,0.686075797561756295,0.000173409820471358
6,full_diag_l0,131,-0.686075797561756295,-0.686075797561756295,-0.686075797561756295,0.686075797561756295,-0.686075797561756295,-0.686075797561756295,-0.686075797561756295,-0.686075797561756295,-0.686075797561756295,0.686075797561756295,-0.686075797561756295,0.000173409820471358
6,full_diag_l0,132,-0.686075797561756295,-0.686075797561756295,-0.686075797561756295,0.686075797561756295,-0.686075797561756295,-0.686075797561756295,-0.686075797561756295,-0.686075797561756295,-0.686075797561756295,0.686075797561756295,0.686075797561756295,0.000173409820471358
6,full_diag_l0,133,-0.686075797561756295,-0.686075797561756295,-0.686075797561756295,0.686075797561756295,-0.686075797561756295,-0.686075797561756295,-0.686075797561756295,-0.686075797561756295,0.686075797561756295,-0.686075797561756295,-0.686075797561756295,0.000173409820471358
6,full_diag_l0,134,-0.686075797561756295,-0.686075797561756295,-0.686075797561756295,0.686075797561756295,-0.686075797561756295,-0.686075797561756295,-0.686075797561756295,-0.686075797561756295,0.686075797561756295,-0.686075797561756295,0.686075797561756295,0.000173409820471358
6,full_diag_l0,135,-0.686075797561756295,-0.686075797561756295,-0.686075797561756295,0.686075797561756295,-0.686075797561756295,-0.686075797561756295,-0.686075797561756295,-0.686075797561756295,0.686075797561756295,0.686075797561756295,-0.686075797561756295,0.000173409820471358
6,full_diag_l0,136,-0.686075797561756295,-0.686075797561756295,-0.686075797561756295,0.686075797561756295,-0.686075797561756295,-0.686075797561756295,-0.686075797561756295,-0.686075797561756295,0.686075797561756295,0.686075797561756295,0.686075797561756295,0.000173409820471358
6,full_diag_l0,137,-0.686075797561756295,-0.686075797561756295,-0.686075797561756295,0.686075797561756295,-0.686075797561756295,-0.686075797561756295,-0.686075797561756295,0.686075797561756295,-0.686075797561756295,-0.686075797561756295,-0.686075797561756295,0.000173409820471358
6,full_diag_l0,138,-0.686075797561756295,-0.686075797561756295,-0.686075797561756295,0.686075797561756295,-0.686075797561756295,-0.686075797561756295,-0.686075797561756295,0.686075797561756295,-0.686075797561756295,-0.686075797561756295,0.686075797561756295,0.000173409820471358
6,full_diag_l0,139,-0.686075797561756295,-0.686075797561756295,-0.686075797561756295,0.686075797561756295,-0.686075797561756295,-0.686075797561756295,-0.686075797561756295,0.686075797561756295,-0.686075797561756295,0.686075797561756295,-0.686075797561756295,0.000173409820471358
6,full_diag_l0,140,-0.686075797561756295,-0.686075797561756295,-0.686075797561756295,0.686075797561756295,-0.686075797561756295,-0.686075797561756295,-0.686075797561756295,0.686075797561756295,-0.686075797561756295,0.686075797561756295,0.686075797561756295,0.000173409820471358
6,full_diag_l0,141,-0.686075797561756295,-0.686075797561756295,-0.686075797561756295,0.686075797561756295,-0.686075797561756295,-0.686075797561756295,-0.686075797561756295,0.686075797561756295,0.686075797561756295,-0.686075797561756295,-0.686075797561756295,0.000173409820471358
6,full_diag_l0,142,-0.686075797561756295,-0.686075797561756295,-0.686075797561756295,0.686075797561756295,-0.686075797561756295,-0.686075797561756295,-0.686075797561756295,0.686075797561756295,0.686075797561756295,-0.686075797561756295,0.686075797561756295,0.000173409820471358
6,full_diag_l0,143,-0.686075797561756295,-0.686075797561756295,-0.686075797561756295,0.686075797561756295,-0.686075797561756295,-0.686075797561756295,-0.686075797561756295,0.686075797561756295,0.686075797561756295,0.686075797561756295,-0.686075797561756295,0.000173409820471358
6,full_diag_l0,144,-0.686075797561756295,-0.686075797561756295,-0.686075797561756295,0.686075797561756295,-0.686075797561756295,-0.686075797561756295,-0.686075797561756295,0.686075797561756295,0.686075797561756295,0.686075797561756295,0.686075797561756295,0.000173409820471358
6,full_diag_l0,145,-0.686075797561756295,-0.686075797561756295,-0.686075797561756295,0.686075797561756295,-0.686075797561756295,-0.686075797561756295,0.686075797561756295,-0.686075797561756295,-0.686075797561756295,-0.686075797561756295,-0.686075797561756295,0.000173409820471358
6,full_diag_l0,146,-0.686075797561756295,-0.686075797561756295,-0.686075797561756295,0.686075797561756295,-0.686075797561756295,-0.686075797561756295,0.686075797561756295,-0.686075797561756295,-0.686075797561756295,-0.686075797561756295,0.686075797561756295,0.000173409820471358
6,full_diag_l0,147,-0.686075797561756295,-0.686075797561756295,-0.686075797561756295,0.686075797561756295,-0.686075797561756295,-0.686075797561756295,0.686075797561756295,-0.686075797561756295,-0.686075797561756295,0.686075797561756295,-0.686075797561756295,0.000173409820471358
6,full_diag_l0,148,-0.686075797561756295,-0.686075797561756295,-0.686075797561756295,0.686075797561756295,-0.686075797561756295,-0.686075797561756295,0.686075797561756295,-0.686075797561756295,-0.686075797561756295,0.686075797561756295,0.686075797561756295,0.000173409820471358
6,full_diag_l0,149,-0.686075797561756295,-0.686075797561756295,-0.686075797561756295,0.686075797561756295,-0.686075797561756295,-0.686075797561756295,0.686075797561756295,-0.686075797561756295,0.686075797561756295,-0.686075797561756295,-0.686075797561756295,0.000173409820471358
6,full_diag_l0,150,-0.686075797561756295,-0.686075797561756295,-0.686075797561756295,0.686075797561756295,-0.686075797561756295,-0.686075797561756295,0.686075797561756295,-0.686075797561756295,0.686075797561756295,-0.686075797561756295,0.686075797561756295,0.000173409820471358
6,full_diag_l0,151,-0.686075797561756295,-0.686075797561756295,-0.686075797561756295,0.686075797561756295,-0.686075797561756295,-0.686075797561756295,0.686075797561756295,-0.686075797561756295,0.686075797561756295,0.686075797561756295,-0.686075797561756295,0.000173409820471358
6,full_diag_l0,152,-0.686075797561756295,-0.686075797561756295,-0.686075797561756295,0.686075797561756295,-0.686075797561756295,-0.686075797561756295,0.686075797561756295,-0.686075797561756295,0.686075797561756295,0.686075797561756295,0.686075797561756295,0.000173409820471358
6,full_diag_l0,153,-0.686075797561756295,-0.686075797561756295,-0.686075797561756295,0.686075797561756295,-0.686075797561756295,-0.686075797561756295,0.686075797561756295,0.686075797561756295,-0.686075797561756295,-0.686075797561756295,-0.686075797561756295,0.000173409820471358
6,full_diag_l0,154,-0.686075797561756295,-0.686075797561756295,-0.686075797561756295,0.686075797561756295,-0.686075797561756295,-0.686075797561756295,0.686075797561756295,0.686075797561756295,-0.686075797561756295,-0.686075797561756295,0.686075797561756295,0.000173409820471358
6,full_diag_l0,155,-0.686075797561756295,-0.686075797561756295,-0.686075797561756295,0.686075797561756295,-0.686075797561756295,-0.686075797561756295,0.686075797561756295,0.686075797561756295,-0.686075797561756295,0.686075797561756295,-0.686075797561756295,0.000173409820471358
6,full_diag_l0,156,-0.686075797561756295,-0.686075797561756295,-0.686075797561756295,0.686075797561756295,-0.686075797561756295,-0.686075797561756295,0.686075797561756295,0.686075797561756295,-0.686075797561756295,0.686075797561756295,0.686075797561756295,0.000173409820471358
6,full_diag_l0,157,-0.686075797561756295,-0.686075797561756295,-0.686075797561756295,0.686075797561756295,-0.686075797561756295,-0.686075797561756295,0.686075797561756295,0.686075797561756295,0.686075797561756295,-0.686075797561756295,-0.686075797561756295,0.000173409820471358
6,full_diag_l0,158,-0.686075797561756295,-0.686075797561756295,-0.686075797561756295,0.686075797561756295,-0.686075797561756295,-0.686075797561756295,0.686075797561756295,0.686075797561756295,0.686075797561756295,-0.686075797561756295,0.686075797561756295,0.000173409820471358
6,full_diag_l0,159,-0.686075797561756295,-0.686075797561756295,-0.686075797561756295,0.686075797561756295,-0.686075797561756295,-0.686075797561756295,0.686075797561756295,0.686075797561756295,0.686075797561756295,0.686075797561756295,-0.686075797561756295,0.000173409820471358
6,full_diag_l0,160,-0.686075797561756295,-0.686075797561756295,-0.686075797561756295,0.686075797561756295,-0.686075797561756295,-0.686075797561756295,0.686075797561756295,0.686075797561756295,0.686075797561756295,0.686075797561756295,0.686075797561756295,0.000173409820471358
6,full_diag_l0,161,-0.686075797561756295,-0.686075797561756295,-0.686075797561756295,0.686075797561756295,-0.686075797561756295,0.686075797561756295,-0.686075797561756295,-0.686075797561756295,-0.686075797561756295,-0.686075797561756295,-0.686075797561756295,0.000173409820471358
6,full_diag_l0,162,-0.686075797561756295,-0.686075797561756295,-0.686075797561756295,0.686075797561756295,-0.686075797561756295,0.686075797561756295,-0.686075797561756295,-0.686075797561756295,-0.686075797561756295,-0.686075797561756295,0.686075797561756295,0.000173409820471358
6,full_diag_l0,163,-0.686075797561756295,-0.686075797561756295,-0.686075797561756295,0.686075797561756295,-0.686075797561756295,0.686075797561756295,-0.686075797561756295,-0.686075797561756295,-0.686075797561756295,0.686075797561756295,-0.686075797561756295,0.000173409820471358
6,full_diag_l0,164,-0.686075797561756295,-0.686075797561756295,-0.686075797561756295,0.686075797561756295,-0.686075797561756295,0.686075797561756295,-0.686075797561756295,-0.686075797561756295,-0.686075797561756295,0.686075797561756295,0.686075797561756295,0.000173409820471358
6,full_diag_l0,165,-0.686075797561756295,-0.686075797561756295,-0.686075797561756295,0.686075797561756295,-0.686075797561756295,0.686075797561756295,-0.686075797561756295,-0.686075797561756295,0.686075797561756295,-0.686075797561756295,-0.686075797561756295,0.000173409820471358
6,full_diag_l0,166,-0.686075797561756295,-0.686075797561756295,-0.686075797561756295,0.686075797561756295,-0.686075797561756295,0.686075797561756295,-0.686075797561756295,-0.686075797561756295,0.686075797561756295,-0.686075797561756295,0.686075797561756295,0.000173409820471358
6,full_diag_l0,167,-0.686075797561756295,-0.686075797561756295,-0.686075797561756295,0.686075797561756295,-0.686075797561756295,0.686075797561756295,-0.686075797561756295,-0.686075797561756295,0.686075797561756295,0.686075797561756295,-0.686075797561756295,0.000173409820471358
6,full_diag_l0,168,-0.686075797561756295,-0.686075797561756295,-0.686075797561756295,0.686075797561756295,-0.686075797561756295,0.686075797561756295,-0.686075797561756295,-0.686075797561756295,0.686075797561756295,0.686075797561756295,0.686075797561756295,0.000173409820471358
6,full_diag_l0,169,-0.686075797561756295,-0.686075797561756295,-0.686075797561756295,0.686075797561756295,-0.686075797561756295,0.686075797561756295,-0.686075797561756295,0.686075797561756295,-0.686075797561756295,-0.686075797561756295,-0.686075797561756295,0.000173409820471358
6,full_diag_l0,170,-0.686075797561756295,-0.686075797561756295,-0.686075797561756295,0.686075797561756295,-0.686075797561756295,0.686075797561756295,-0.686075797561756295,0.686075797561756295,-0.686075797561756295,-0.686075797561756295,0.686075797561756295,0.000173409820471358
6,full_diag_l0,171,-0.686075797561756295,-0.686075797561756295,-0.686075797561756295,0.686075797561756295,-0.686075797561756295,0.686075797561756295,-0.686075797561756295,0.686075797561756295,-0.686075797561756295,0.686075797561756295,-0.686075797561756295,0.000173409820471358
6,full_diag_l0,172,-0.686075797561756295,-0.686075797561756295,-0.686075797561756295,0.686075797561756295,-0.686075797561756295,0.686075797561756295,-0.686075797561756295,0.686075797561756295,-0.686075797561756295,0.686075797561756295,0.686075797561756295,0.000173409820471358
6,full_diag_l0,173,-0.686075797561756295,-0.686075797561756295,-0.686075797561756295,0.686075797561756295,-0.686075797561756295,0.686075797561756295,-0.686075797561756295,0.686075797561756295,0.686075797561756295,-0.686075797561756295,-0.686075797561756295,0.000173409820471358
6,full_diag_l0,174,-0.686075797561756295,-0.686075797561756295,-0.686075797561756295,0.686075797561756295,-0.686075797561756295,0.686075797561756295,-0.686075797561756295,0.686075797561756295,0.686075797561756295,-0.686075797561756295,0.686075797561756295,0.000173409820471358
6,full_diag_l0,175,-0.686075797561756295,-0.686075797561756295,-0.686075797561756295,0.686075797561756295,-0.686075797561756295,0.686075797561756295,-0.686075797561756295,0.686075797561756295,0.686075797561756295,0.686075797561756295,-0.686075797561756295,0.000173409820471358
6,full_diag_l0,176,-0.686075797561756295,-0.686075797561756295,-0.686075797561756295,0.686075797561756295,-0.686075797561756295,0.686075797561756295,-0.686075797561756295,0.686075797561756295,0.686075797561756295,0.686075797561756295,0.686075797561756295,0.000173409820471358
6,full_diag_l0,177,-0.686075797561756295,-0.686075797561756295,-0.686075797561756295,0.686075797561756295,-0.686075797561756295,0.686075797561756295,0.686075797561756295,-0.686075797561756295,-0.686075797561756295,-0.686075797561756295,-0.686075797561756295,0.000173409820471358
6,full_diag_l0,178,-0.686075797561756295,-0.686075797561756295,-0.686075797561756295,0.686075797561756295,-0.686075797561756295,0.686075797561756295,0.686075797561756295,-0.686075797561756295,-0.686075797561756295,-0.686075797561756295,0.686075797561756295,0.000173409820471358
6,full_diag_l0,179,-0.686075797561756295,-0.686075797561756295,-0.686075797561756295,0.686075797561756295,-0.686075797561756295,0.686075797561756295,0.686075797561756295,-0.686075797561756295,-0.686075797561756295,0.686075797561756295,-0.686075797561756295,0.000173409820471358
6,full_diag_l0,180,-0.686075797561756295,-0.686075797561756295,-0.686075797561756295,0.686075797561756295,-0.686075797561756295,0.686075797561756295,0.686075797561756295,-0.686075797561756295,-0.686075797561756295,0.686075797561756295,0.686075797561756295,0.000173409820471358
6,full_diag_l0,181,-0.686075797561756295,-0.686075797561756295,-0.686075797561756295,0.686075797561756295,-0.686075797561756295,0.686075797561756295,0.686075797561756295,-0.686075797561756295,0.686075797561756295,-0.686075797561756295,-0.686075797561756295,0.000173409820471358
6,full_diag_l0,182,-0.686075797561756295,-0.686075797561756295,-0.686075797561756295,0.686075797561756295,-0.686075797561756295,0.686075797561756295,0.686075797561756295,-0.686075797561756295,0.686075797561756295,-0.686075797561756295,0.686075797561756295,0.000173409820471358
6,full_diag_l0,183,-0.686075797561756295,-0.686075797561756295,-0.686075797561756295,0.686075797561756295,-0.686075797561756295,0.686075797561756295,0.686075797561756295,-0.686075797561756295,0.686075797561756295,0.686075797561756295,-0.686075797561756295,0.000173409820471358
6,full_diag_l0,184,-0.686075797561756295,-0.686075797561756295,-0.686075797561756295,0.686075797561756295,-0.686075797561756295,0.686075797561756295,0.686075797561756295,-0.686075797561756295,0.686075797561756295,0.686075797561756295,0.686075797561756295,0.000173409820471358
6,full_diag_l0,185,-0.686075797561756295,-0.686075797561756295,-0.686075797561756295,0.686075797561756295,-0.686075797561756295,0.686075797561756295,0.686075797561756295,0.686075797561756295,-0.686075797561756295,-0.686075797561756295,-0.686075797561756295,0.000173409820471358
6,full_diag_l0,186,-0.686075797561756295,-0.686075797561756295,-0.686075797561756295,0.686075797561756295,-0.686075797561756295,0.686075797561756295,0.686075797561756295,0.686075797561756295,-0.686075797561756295,-0.686075797561756295,0.686075797561756295,0.000173409820471358
6,full_diag_l0,187,-0.686075797561756295,-0.686075797561756295,-0.686075797561756295,0.686075797561756295,-0.686075797561756295,0.686075797561756295,0.686075797561756295,0.686075797561756295,-0.686075797561756295,0.686075797561756295,-0.686075797561756295,0.000173409820471358
6,full_diag_l0,188,-0.686075797561756295,-0.686075797561756295,-0.686075797561756295,0.686075797561756295,-0.686075797561756295,0.686075797561756295,0.686075797561756295,0.686075797561756295,-0.686075797561756295,0.686075797561756295,0.686075797561756295,0.000173409820471358
6,full_diag_l0,189,-0.686075797561756295,-0.686075797561756295,-0.686075797561756295,0.686075797561756295,-0.686075797561756295,0.686075797561756295,0.686075797561756295,0.686075797561756295,0.686075797561756295,-0.686075797561756295,-0.686075797561756295,0.000173409820471358
6,full_diag_l0,190,-0.686075797561756295,-0.686075797561756295,-0.686075797561756295,0.686075797561756295,-0.686075797561756295,0.686075797561756295,0.686075797561756295,0.686075797561756295,0.686075797561756295,-0.686075797561756295,0.686075797561756295,0.000173409820471358
6,full_diag_l0,191,-0.686075797561756295,-0.686075797561756295,-0.686075797561756295,0.686075797561756295,-0.686075797561756295,0.686075797561756295,0.686075797561756295,0.686075797561756295,0.686075797561756295,0.686075797561756295,-0.686075797561756295,0.000173409820471358
6,full_diag_l0,192,-0.686075797561756295,-0.686075797561756295,-0.686075797561756295,0.686075797561756295,-0.686075797561756295,0.686075797561756295,0.686075797561756295,0.686075797561756295,0.686075797561756295,0.686075797561756295,0.686075797561756295,0.000173409820471358
6,full_diag_l0,193,-0.686075797561756295,-0.686075797561756295,-0.686075797561756295,0.686075797561756295,0.686075797561756295,-0.686075797561756295,-0.686075797561756295,-0.686075797561756295,-0.686075797561756295,-0.686075797561756295,-0.686075797561756295,0.000173409820471358
6,full_diag_l0,194,-0.686075797561756295,-0.686075797561756295,-0.686075797561756295,0.686075797561756295,0.686075797561756295,-0.686075797561756295,-0.686075797561756295,-0.686075797561756295,-0.686075797561756295,-0.686075797561756295,0.686075797561756295,0.000173409820471358
6,full_diag_l0,195,-0.686075797561756295,-0.686075797561756295,-0.686075797561756295,0.686075797561756295,0.686075797561756295,-0.686075797561756295,-0.686075797561756295,-0.686075797561756295,-0.686075797561756295,0.686075797561756295,-0.686075797561756295,0.000173409820471358
6,full_diag_l0,196,-0.686075797561756295,-0.686075797561756295,-0.686075797561756295,0.686075797561756295,0.686075797561756295,-0.686075797561756295,-0.686075797561756295,-0.686075797561756295,-0.686075797561756295,0.686075797561756295,0.686075797561756295,0.000173409820471358
6,full_diag_l0,197,-0.686075797561756295,-0.686075797561756295,-0.686075797561756295,0.686075797561756295,0.686075797561756295,-0.686075797561756295,-0.686075797561756295,-0.686075797561756295,0.686075797561756295,-0.686075797561756295,-0.686075797561756295,0.000173409820471358
6,full_diag_l0,198,-0.686075797561756295,-0.686075797561756295,-0.686075797561756295,0.686075797561756295,0.686075797561756295,-0.686075797561756295,-0.686075797561756295,-0.686075797561756295,0.686075797561756295,-0.686075797561756295,0.686075797561756295,0.000173409820471358
6,full_diag_l0,199,-0.686075797561756295,-0.686075797561756295,-0.686075797561756295,0.686075797561756295,0.686075797561756295,-0.686075797561756295,-0.686075797561756295,-0.686075797561756295,0.686075797561756295,0.686075797561756295,-0.686075797561756295,0.000173409820471358
6,full_diag_l0,200,-0.686075797561756295,-0.686075797561756295,-0.686075797561756295,0.686075797561756295,0.686075797561756295,-0.686075797561756295,-0.686075797561756295,-0.686075797561756295,0.686075797561756295,0.686075797561756295,0.686075797561756295,0.000173409820471358
6,full_diag_l0,201,-0.686075797561756295,-0.686075797561756295,-0.686075797561756295,0.686075797561756295,0.686075797561756295,-0.686075797561756295,-0.686075797561756295,0.686075797561756295,-0.686075797561756295,-0.686075797561756295,-0.686075797561756295,0.000173409820471358
6,full_diag_l0,202,-0.686075797561756295,-0.686075797561756295,-0.686075797561756295,0.686075797561756295,0.686075797561756295,-0.686075797561756295,-0.686075797561756295,0.686075797561756295,-0.686075797561756295,-0.686075797561756295,0.686075797561756295,0.000173409820471358
6,full_diag_l0,203,-0.686075797561756295,-0.686075797561756295,-0.686075797561756295,0.686075797561756295,0.686075797561756295,-0.686075797561756295,-0.686075797561756295,0.686075797561756295,-0.686075797561756295,0.686075797561756295,-0.686075797561756295,0.000173409820471358
6,full_diag_l0,204,-0.686075797561756295,-0.686075797561756295,-0.686075797561756295,0.686075797561756295,0.686075797561756295,-0.686075797561756295,-0.686075797561756295,0.686075797561756295,-0.686075797561756295,0.686075797561756295,0.686075797561756295,0.000173409820471358
6,full_diag_l0,205,-0.686075797561756295,-0.686075797561756295,-0.686075797561756295,0.686075797561756295,0.686075797561756295,-0.686075797561756295,-0.686075797561756295,0.686075797561756295,0.686075797561756295,-0.686075797561756295,-0.686075797561756295,0.000173409820471358
6,full_diag_l0,206,-0.686075797561756295,-0.686075797561756295,-0.686075797561756295,0.686075797561756295,0.686075797561756295,-0.686075797561756295,-0.686075797561756295,0.686075797561756295,0.686075797561756295,-0.686075797561756295,0.686075797561756295,0.000173409820471358
6,full_diag_l0,207,-0.686075797561756295,-0.686075797561756295,-0.686075797561756295,0.686075797561756295,0.686075797561756295,-0.686075797561756295,-0.686075797561756295,0.686075797561756295,0.686075797561756295,0.686075797561756295,-0.686075797561756295,0.000173409820471358
6,full_diag_l0,208,-0.686075797561756295,-0.686075797561756295,-0.686075797561756295,0.686075797561756295,0.686075797561756295,-0.686075797561756295,-0.686075797561756295,0.686075797561756295,0.686075797561756295,0.686075797561756295,0.686075797561756295,0.000173409820471358
6,full_diag_l0,209,-0.686075797561756295,-0.686075797561756295,-0.686075797561756295,0.686075797561756295,0.686075797561756295,-0.686075797561756295,0.686075797561756295,-0.686075797561756295,-0.686075797561756295,-0.686075797561756295,-0.686075797561756295,0.000173409820471358
6,full_diag_l0,210,-0.686075797561756295,-0.686075797561756295,-0.686075797561756295,0.686075797561756295,0.686075797561756295,-0.686075797561756295,0.686075797561756295,-0.686075797561756295,-0.686075797561756295,-0.686075797561756295,0.686075797561756295,0.000173409820471358
6,full_diag_l0,211,-0.686075797561756295,-0.686075797561756295,-0.686075797561756295,0.686075797561756295,0.686075797561756295,-0.686075797561756295,0.686075797561756295,-0.686075797561756295,-0.686075797561756295,0.686075797561756295,-0.686075797561756295,0.000173409820471358
6,full_diag_l0,212,-0.686075797561756295,-0.686075797561756295,-0.686075797561756295,0.686075797561756295,0.686075797561756295,-0.686075797561756295,0.686075797561756295,-0.686075797561756295,-0.686075797561756295,0.686075797561756295,0.686075797561756295,0.000173409820471358
6,full_diag_l0,213,-0.686075797561756295,-0.686075797561756295,-0.686075797561756295,0.686075797561756295,0.686075797561756295,-0.686075797561756295,0.686075797561756295,-0.686075797561756295,0.686075797561756295,-0.686075797561756295,-0.686075797561756295,0.000173409820471358
6,full_diag_l0,214,-0.686075797561756295,-0.686075797561756295,-0.686075797561756295,0.686075797561756295,0.686075797561756295,-0.686075797561756295,0.686075797561756295,-0.686075797561756295,0.686075797561756295,-0.686075797561756295,0.686075797561756295,0.000173409820471358
6,full_diag_l0,215,-0.686075797561756295,-0.686075797561756295,-0.686075797561756295,0.686075797561756295,0.686075797561756295,-0.686075797561756295,0.686075797561756295,-0.686075797561756295,0.686075797561756295,0.686075797561756295,-0.686075797561756295,0.000173409820471358
6,full_diag_l0,216,-0.686075797561756295,-0.686075797561756295,-0.686075797561756295,0.686075797561756295,0.686075797561756295,-0.686075797561756295,0.686075797561756295,-0.686075797561756295,0.686075797561756295,0.686075797561756295,0.686075797561756295,0.000173409820471358
6,full_diag_l0,217,-0.686075797561756295,-0.686075797561756295,-0.686075797561756295,0.686075797561756295,0.686075797561756295,-0.686075797561756295,0.686075797561756295,0.686075797561756295,-0.686075797561756295,-0.686075797561756295,-0.686075797561756295,0.000173409820471358
6,full_diag_l0,218,-0.686075797561756295,-0.686075797561756295,-0.686075797561756295,0.686075797561756295,0.686075797561756295,-0.686075797561756295,0.686075797561756295,0.686075797561756295,-0.686075797561756295,-0.686075797561756295,0.686075797561756295,0.000173409820471358
6,full_diag_l0,219,-0.686075797561756295,-0.686075797561756295,-0.686075797561756295,0.686075797561756295,0.686075797561756295,-0.686075797561756295,0.686075797561756295,0.686075797561756295,-0.686075797561756295,0.686075797561756295,-0.686075797561756295,0.000173409820471358
6,full_diag_l0,220,-0.686075797561756295,-0.686075797561756295,-0.686075797561756295,0.686075797561756295,0.686075797561756295,-0.686075797561756295,0.686075797561756295,0.686075797561756295,-0.686075797561756295,0.686075797561756295,0.686075797561756295,0.000173409820471358
6,full_diag_l0,221,-0.686075797561756295,-0.686075797561756295,-0.686075797561756295,0.686075797561756295,0.686075797561756295,-0.686075797561756295,0.686075797561756295,0.686075797561756295,0.686075797561756295,-0.686075797561756295,-0.686075797561756295,0.000173409820471358
6,full_diag_l0,222,-0.686075797561756295,-0.686075797561756295,-0.686075797561756295,0.686075797561756295,0.686075797561756295,-0.686075797561756295,0.686075797561756295,0.686075797561756295,0.686075797561756295,-0.686075797561756295,0.686075797561756295,0.000173409820471358
6,full_diag_l0,223,-0.686075797561756295,-0.686075797561756295,-0.686075797561756295,0.686075797561756295,0.686075797561756295,-0.686075797561756295,0.686075797561756295,0.686075797561756295,0.686075797561756295,0.686075797561756295,-0.686075797561756295,0.000173409820471358
6,full_diag_l0,224,-0.686075797561756295,-0.686075797561756295,-0.686075797561756295,0.686075797561756295,0.686075797561756295,-0.686075797561756295,0.686075797561756295,0.686075797561756295,0.686075797561756295,0.686075797561756295,0.686075797561756295,0.000173409820471358
6,full_diag_l0,225,-0.686075797561756295,-0.686075797561756295,-0.686075797561756295,0.686075797561756295,0.686075797561756295,0.686075797561756295,-0.686075797561756295,-0.686075797561756295,-0.686075797561756295,-0.686075797561756295,-0.686075797561756295,0.000173409820471358
6,full_diag_l0,226,-0.686075797561756295,-0.686075797561756295,-0.686075797561756295,0.686075797561756295,0.686075797561756295,0.686075797561756295,-0.686075797561756295,-0.686075797561756295,-0.686075797561756295,-0.686075797561756295,0.686075797561756295,0.000173409820471358
6,full_diag_l0,227,-0.686075797561756295,-0.686075797561756295,-0.686075797561756295,0.686075797561756295,0.686075797561756295,0.686075797561756295,-0.686075797561756295,-0.686075797561756295,-0.686075797561756295,0.686075797561756295,-0.686075797561756295,0.000173409820471358
6,full_diag_l0,228,-0.686075797561756295,-0.686075797561756295,-0.686075797561756295,0.686075797561756295,0.686075797561756295,0.686075797561756295,-0.686075797561756295,-0.686075797561756295,-0.686075797561756295,0.686075797561756295,0.686075797561756295,0.000173409820471358
6,full_diag_l0,229,-0.686075797561756295,-0.686075797561756295,-0.686075797561756295,0.686075797561756295,0.686075797561756295,0.686075797561756295,-0.686075797561756295,-0.686075797561756295,0.686075797561756295,-0.686075797561756295,-0.686075797561756295,0.000173409820471358
6,full_diag_l0,230,-0.686075797561756295,-0.686075797561756295,-0.686075797561756295,0.686075797561756295,0.686075797561756295,0.686075797561756295,-0.686075797561756295,-0.686075797561756295,0.686075797561756295,-0.686075797561756295,0.686075797561756295,0.000173409820471358
6,full_diag_l0,231,-0.686075797561756295,-0.686075797561756295,-0.686075797561756295,0.686075797561756295,0.686075797561756295,0.686075797561756295,-0.686075797561756295,-0.686075797561756295,0.686075797561756295,0.686075797561756295,-0.686075797561756295,0.000173409820471358
6,full_diag_l0,232,-0.686075797561756295,-0.686075797561756295,-0.686075797561756295,0.686075797561756295,0.686075797561756295,0.686075797561756295,-0.686075797561756295,-0.686075797561756295,0.686075797561756295,0.686075797561756295,0.686075797561756295,0.000173409820471358
6,full_diag_l0,233,-0.686075797561756295,-0.686075797561756295,-0.686075797561756295,0.686075797561756295,0.686075797561756295,0.686075797561756295,-0.686075797561756295,0.686075797561756295,-0.686075797561756295,-0.686075797561756295,-0.686075797561756295,0.000173409820471358
6,full_diag_l0,234,-0.686075797561756295,-0.686075797561756295,-0.686075797561756295,0.686075797561756295,0.686075797561756295,0.686075797561756295,-0.686075797561756295,0.686075797561756295,-0.686075797561756295,-0.686075797561756295,0.686075797561756295,0.000173409820471358
6,full_diag_l0,235,-0.686075797561756295,-0.686075797561756295,-0.686075797561756295,0.686075797561756295,0.686075797561756295,0.686075797561756295,-0.686075797561756295,0.686075797561756295,-0.686075797561756295,0.686075797561756295,-0.686075797561756295,0.000173409820471358
6,full_diag_l0,236,-0.686075797561756295,-0.686075797561756295,-0.686075797561756295,0.686075797561756295,0.686075797561756295,0.686075797561756295,-0.686075797561756295,0.686075797561756295,-0.686075797561756295,0.686075797561756295,0.686075797561756295,0.000173409820471358
6,full_diag_l0,237,-0.686075797561756295,-0.686075797561756295,-0.686075797561756295,0.686075797561756295,0.686075797561756295,0.686075797561756295,-0.686075797561756295,0.686075797561756295,0.686075797561756295,-0.686075797561756295,-0.686075797561756295,0.000173409820471358
6,full_diag_l0,238,-0.686075797561756295,-0.686075797561756295,-0.686075797561756295,0.686075797561756295,0.686075797561756295,0.686075797561756295,-0.686075797561756295,0.686075797561756295,0.686075797561756295,-0.686075797561756295,0.686075797561756295,0.000173409820471358
6,full_diag_l0,239,-0.686075797561756295,-0.686075797561756295,-0.686075797561756295,0.686075797561756295,0.686075797561756295,0.686075797561756295,-0.686075797561756295,0.686075797561756295,0.686075797561756295,0.686075797561756295,-0.686075797561756295,0.000173409820471358
6,full_diag_l0,240,-0.686075797561756295,-0.686075797561756295,-0.686075797561756295,0.686075797561756295,0.686075797561756295,0.686075797561756295,-0.686075797561756295,0.686075797561756295,0.686075797561756295,0.686075797561756295,0.686075797561756295,0.000173409820471358
6,full_diag_l0,241,-0.686075797561756295,-0.686075797561756295,-0.686075797561756295,0.686075797561756295,0.686075797561756295,0.686075797561756295,0.686075797561756295,-0.686075797561756295,-0.686075797561756295,-0.686075797561756295,-0.686075797561756295,0.000173409820471358
6,full_diag_l0,242,-0.686075797561756295,-0.686075797561756295,-0.686075797561756295,0.686075797561756295,0.686075797561756295,0.686075797561756295,0.686075797561756295,-0.686075797561756295,-0.686075797561756295,-0.686075797561756295,0.686075797561756295,0.000173409820471358
6,full_diag_l0,243,-0.686075797561756295,-0.686075797561756295,-0.686075797561756295,0.686075797561756295,0.686075797561756295,0.686075797561756295,0.686075797561756295,-0.686075797561756295,-0.686075797561756295,0.686075797561756295,-0.686075797561756295,0.000173409820471358
6,full_diag_l0,244,-0.686075797561756295,-0.686075797561756295,-0.686075797561756295,0.686075797561756295,0.686075797561756295,0.686075797561756295,0.686075797561756295,-0.686075797561756295,-0.686075797561756295,0.686075797561756295,0.686075797561756295,0.000173409820471358
6,full_diag_l0,245,-0.686075797561756295,-0.686075797561756295,-0.686075797561756295,0.686075797561756295,0.686075797561756295,0.686075797561756295,0.686075797561756295,-0.686075797561756295,0.686075797561756295,-0.686075797561756295,-0.686075797561756295,0.000173409820471358
6,full_diag_l0,246,-0.686075797561756295,-0.686075797561756295,-0.686075797561756295,0.686075797561756295,0.686075797561756295,0.686075797561756295,0.686075797561756295,-0.686075797561756295,0.686075797561756295,-0.686075797561756295,0.686075797561756295,0.000173409820471358
6,full_diag_l0,247,-0.686075797561756295,-0.686075797561756295,-0.686075797561756295,0.686075797561756295,0.686075797561756295,0.686075797561756295,0.686075797561756295,-0.686075797561756295,0.686075797561756295,0.686075797561756295,-0.686075797561756295,0.000173409820471358
6,full_diag_l0,248,-0.686075797561756295,-0.686075797561756295,-0.686075797561756295,0.686075797561756295,0.686075797561756295,0.686075797561756295,0.686075797561756295,-0.686075797561756295,0.686075797561756295,0.686075797561756295,0.686075797561756295,0.000173409820471358
6,full_diag_l0,249,-0.686075797561756295,-0.686075797561756295,-0.686075797561756295,0.686075797561756295,0.686075797561756295,0.686075797561756295,0.686075797561756295,0.686075797561756295,-0.686075797561756295,-0.686075797561756295,-0.686075797561756295,0.000173409820471358
6,full_diag_l0,250,-0.686075797561756295,-0.686075797561756295,-0.686075797561756295,0.686075797561756295,0.686075797561756295,0.686075797561756295,0.686075797561756295,0.686075797561756295,-0.686075797561756295,-0.686075797561756295,0.686075797561756295,0.000173409820471358
6,full_diag_l0,251,-0.686075797561756295,-0.686075797561756295,-0.686075797561756295,0.686075797561756295,0.686075797561756295,0.686075797561756295,0.686075797561756295,0.686075797561756295,-0.686075797561756295,0.686075797561756295,-0.686075797561756295,0.000173409820471358
6,full_diag_l0,252,-0.686075797561756295,-0.686075797561756295,-0.686075797561756295,0.686075797561756295,0.686075797561756295,0.686075797561756295,0.686075797561756295,0.686075797561756295,-0.686075797561756295,0.686075797561756295,0.686075797561756295,0.000173409820471358
6,full_diag_l0,253,-0.686075797561756295,-0.686075797561756295,-0.686075797561756295,0.686075797561756295,0.686075797561756295,0.686075797561756295,0.686075797561756295,0.686075797561756295,0.686075797561756295,-0.686075797561756295,-0.686075797561756295,0.000173409820471358
6,full_diag_l0,254,-0.686075797561756295,-0.686075797561756295,-0.686075797561756295,0.686075797561756295,0.686075797561756295,0.686075797561756295,0.686075797561756295,0.686075797561756295,0.686075797561756295,-0.686075797561756295,0.686075797561756295,0.000173409820471358
6,full_diag_l0,255,-0.686075797561756295,-0.686075797561756295,-0.686075797561756295,0.686075797561756295,0.686075797561756295,0.686075797561756295,0.686075797561756295,0.686075797561756295,0.686075797561756295,0.686075797561756295,-0.686075797561756295,0.000173409820471358
6,full_diag_l0,256,-0.686075797561756295,-0.686075797561756295,-0.686075797561756295,0.686075797561756295,0.686075797561756295,0.686075797561756295,0.686075797561756295,0.686075797561756295,0.686075797561756295,0.686075797561756295,0.686075797561756295,0.000173409820471358
6,full_diag_l0,257,-0.686075797561756295,-0.686075797561756295,0.686075797561756295,-0.686075797561756295,-0.686075797561756295,-0.686075797561756295,-0.686075797561756295,-0.686075797561756295,-0.686075797561756295,-0.686075797561756295,-0.686075797561756295,0.000173409820471358
6,full_diag_l0,258,-0.686075797561756295,-0.686075797561756295,0.686075797561756295,-0.686075797561756295,-0.686075797561756295,-0.686075797561756295,-0.686075797561756295,-0.686075797561756295,-0.686075797561756295,-0.686075797561756295,0.686075797561756295,0.000173409820471358
6,full_diag_l0,259,-0.686075797561756295,-0.686075797561756295,0.686075797561756295,-0.686075797561756295,-0.686075797561756295,-0.686075797561756295,-0.686075797561756295,-0.686075797561756295,-0.686075797561756295,0.686075797561756295,-0.686075797561756295,0.000173409820471358
6,full_diag_l0,260,-0.686075797561756295,-0.686075797561756295,0.686075797561756295,-0.686075797561756295,-0.686075797561756295,-0.686075797561756295,-0.686075797561756295,-0.686075797561756295,-0.686075797561756295,0.686075797561756295,0.686075797561756295,0.000173409820471358
6,full_diag_l0,261,-0.686075797561756295,-0.686075797561756295,0.686075797561756295,-0.686075797561756295,-0.686075797561756295,-0.686075797561756295,-0.686075797561756295,-0.686075797561756295,0.686075797561756295,-0.686075797561756295,-0.686075797561756295,0.000173409820471358
6,full_diag_l0,262,-0.686075797561756295,-0.686075797561756295,0.686075797561756295,-0.686075797561756295,-0.686075797561756295,-0.686075797561756295,-0.686075797561756295,-0.686075797561756295,0.686075797561756295,-0.686075797561756295,0.686075797561756295,0.000173409820471358
6,full_diag_l0,263,-0.686075797561756295,-0.686075797561756295,0.686075797561756295,-0.686075797561756295,-0.686075797561756295,-0.686075797561756295,-0.686075797561756295,-0.686075797561756295,0.686075797561756295,0.686075797561756295,-0.686075797561756295,0.000173409820471358
6,full_diag_l0,264,-0.686075797561756295,-0.686075797561756295,0.686075797561756295,-0.686075797561756295,-0.686075797561756295,-0.686075797561756295,-0.686075797561756295,-0.686075797561756295,0.686075797561756295,0.686075797561756295,0.686075797561756295,0.000173409820471358
6,full_diag_l0,265,-0.686075797561756295,-0.686075797561756295,0.686075797561756295,-0.686075797561756295,-0.686075797561756295,-0.686075797561756295,-0.686075797561756295,0.686075797561756295,-0.686075797561756295,-0.686075797561756295,-0.686075797561756295,0.000173409820471358
6,full_diag_l0,266,-0.686075797561756295,-0.686075797561756295,0.686075797561756295,-0.686075797561756295,-0.686075797561756295,-0.686075797561756295,-0.686075797561756295,0.686075797561756295,-0.686075797561756295,-0.686075797561756295,0.686075797561756295,0.000173409820471358
6,full_diag_l0,267,-0.686075797561756295,-0.686075797561756295,0.686075797561756295,-0.686075797561756295,-0.686075797561756295,-0.686075797561756295,-0.686075797561756295,0.686075797561756295,-0.686075797561756295,0.686075797561756295,-0.686075797561756295,0.000173409820471358
6,full_diag_l0,268,-0.686075797561756295,-0.686075797561756295,0.686075797561756295,-0.686075797561756295,-0.686075797561756295,-0.686075797561756295,-0.686075797561756295,0.686075797561756295,-0.686075797561756295,0.686075797561756295,0.686075797561756295,0.000173409820471358
6,full_diag_l0,269,-0.686075797561756295,-0.686075797561756295,0.686075797561756295,-0.686075797561756295,-0.686075797561756295,-0.686075797561756295,-0.686075797561756295,0.686075797561756295,0.686075797561756295,-0.686075797561756295,-0.686075797561756295,0.000173409820471358
6,full_diag_l0,270,-0.686075797561756295,-0.686075797561756295,0.686075797561756295,-0.686075797561756295,-0.686075797561756295,-0.686075797561756295,-0.686075797561756295,0.686075797561756295,0.686075797561756295,-0.686075797561756295,0.686075797561756295,0.000173409820471358
6,full_diag_l0,271,-0.686075797561756295,-0.686075797561756295,0.686075797561756295,-0.686075797561756295,-0.686075797561756295,-0.686075797561756295,-0.686075797561756295,0.686075797561756295,0.686075797561756295,0.686075797561756295,-0.686075797561756295,0.000173409820471358
6,full_diag_l0,272,-0.686075797561756295,-0.686075797561756295,0.686075797561756295,-0.686075797561756295,-0.686075797561756295,-0.686075797561756295,-0.686075797561756295,0.686075797561756295,0.686075797561756295,0.686075797561756295,0.686075797561756295,0.000173409820471358
6,full_diag_l0,273,-0.686075797561756295,-0.686075797561756295,0.686075797561756295,-0.686075797561756295,-0.686075797561756295,-0.686075797561756295,0.686075797561756295,-0.686075797561756295,-0.686075797561756295,-0.686075797561756295,-0.686075797561756295,0.000173409820471358
6,full_diag_l0,274,-0.686075797561756295,-0.686075797561756295,0.686075797561756295,-0.686075797561756295,-0.686075797561756295,-0.686075797561756295,0.686075797561756295,-0.686075797561756295,-0.686075797561756295,-0.686075797561756295,0.686075797561756295,0.000173409820471358
6,full_diag_l0,275,-0.686075797561756295,-0.686075797561756295,0.686075797561756295,-0.686075797561756295,-0.686075797561756295,-0.686075797561756295,0.686075797561756295,-0.686075797561756295,-0.686075797561756295,0.686075797561756295,-0.686075797561756295,0.000173409820471358
6,full_diag_l0,276,-0.686075797561756295,-0.686075797561756295,0.686075797561756295,-0.686075797561756295,-0.686075797561756295,-0.686075797561756295,0.686075797561756295,-0.686075797561756295,-0.686075797561756295,0.686075797561756295,0.686075797561756295,0.000173409820471358
6,full_diag_l0,277,-0.686075797561756295,-0.686075797561756295,0.686075797561756295,-0.686075797561756295,-0.686075797561756295,-0.686075797561756295,0.686075797561756295,-0.686075797561756295,0.686075797561756295,-0.686075797561756295,-0.686075797561756295,0.000173409820471358
6,full_diag_l0,278,-0.686075797561756295,-0.686075797561756295,0.686075797561756295,-0.686075797561756295,-0.686075797561756295,-0.686075797561756295,0.686075797561756295,-0.686075797561756295,0.686075797561756295,-0.686075797561756295,0.686075797561756295,0.000173409820471358
6,full_diag_l0,279,-0.686075797561756295,-0.686075797561756295,0.686075797561756295,-0.686075797561756295,-0.686075797561756295,-0.686075797561756295,0.686075797561756295,-0.686075797561756295,0.686075797561756295,0.686075797561756295,-0.686075797561756295,0.000173409820471358
6,full_diag_l0,280,-0.686075797561756295,-0.686075797561756295,0.686075797561756295,-0.686075797561756295,-0.686075797561756295,-0.686075797561756295,0.686075797561756295,-0.686075797561756295,0.686075797561756295,0.686075797561756295,0.686075797561756295,0.000173409820471358
6,full_diag_l0,281,-0.686075797561756295,-0.686075797561756295,0.686075797561756295,-0.686075797561756295,-0.686075797561756295,-0.686075797561756295,0.686075797561756295,0.686075797561756295,-0.686075797561756295,-0.686075797561756295,-0.686075797561756295,0.000173409820471358
6,full_diag_l0,282,-0.686075797561756295,-0.686075797561756295,0.686075797561756295,-0.686075797561756295,-0.686075797561756295,-0.686075797561756295,0.686075797561756295,0.686075797561756295,-0.686075797561756295,-0.686075797561756295,0.686075797561756295,0.000173409820471358
6,full_diag_l0,283,-0.686075797561756295,-0.686075797561756295,0.686075797561756295,-0.686075797561756295,-0.686075797561756295,-0.686075797561756295,0.686075797561756295,0.686075797561756295,-0.686075797561756295,0.686075797561756295,-0.686075797561756295,0.000173409820471358
6,full_diag_l0,284,-0.686075797561756295,-0.686075797561756295,0.686075797561756295,-0.686075797561756295,-0.686075797561756295,-0.686075797561756295,0.686075797561756295,0.686075797561756295,-0.686075797561756295,0.686075797561756295,0.686075797561756295,0.000173409820471358
6,full_diag_l0,285,-0.686075797561756295,-0.686075797561756295,0.686075797561756295,-0.686075797561756295,-0.686075797561756295,-0.686075797561756295,0.686075797561756295,0.686075797561756295,0.686075797561756295,-0.686075797561756295,-0.686075797561756295,0.000173409820471358
6,full_diag_l0,286,-0.686075797561756295,-0.686075797561756295,0.686075797561756295,-0.686075797561756295,-0.686075797561756295,-0.686075797561756295,0.686075797561756295,0.686075797561756295,0.686075797561756295,-0.686075797561756295,0.686075797561756295,0.000173409820471358
6,full_diag_l0,287,-0.686075797561756295,-0.686075797561756295,0.686075797561756295,-0.686075797561756295,-0.686075797561756295,-0.686075797561756295,0.686075797561756295,0.686075797561756295,0.686075797561756295,0.686075797561756295,-0.686075797561756295,0.000173409820471358
6,full_diag_l0,288,-0.686075797561756295,-0.686075797561756295,0.686075797561756295,-0.686075797561756295,-0.686075797561756295,-0.686075797561756295,0.686075797561756295,0.686075797561756295,0.686075797561756295,0.686075797561756295,0.686075797561756295,0.000173409820471358
6,full_diag_l0,289,-0.686075797561756295,-0.686075797561756295,0.686075797561756295,-0.686075797561756295,-0.686075797561756295,0.686075797561756295,-0.686075797561756295,-0.686075797561756295,-0.686075797561756295,-0.686075797561756295,-0.686075797561756295,0.000173409820471358
6,full_diag_l0,290,-0.686075797561756295,-0.686075797561756295,0.686075797561756295,-0.686075797561756295,-0.686075797561756295,0.686075797561756295,-0.686075797561756295,-0.686075797561756295,-0.686075797561756295,-0.686075797561756295,0.686075797561756295,0.000173409820471358
6,full_diag_l0,291,-0.686075797561756295,-0.686075797561756295,0.686075797561756295,-0.686075797561756295,-0.686075797561756295,0.686075797561756295,-0.686075797561756295,-0.686075797561756295,-0.686075797561756295,0.686075797561756295,-0.686075797561756295,0.000173409820471358
6,full_diag_l0,292,-0.686075797561756295,-0.686075797561756295,0.686075797561756295,-0.686075797561756295,-0.686075797561756295,0.686075797561756295,-0.686075797561756295,-0.686075797561756295,-0.686075797561756295,0.686075797561756295,0.686075797561756295,0.000173409820471358
6,full_diag_l0,293,-0.686075797561756295,-0.686075797561756295,0.686075797561756295,-0.686075797561756295,-0.686075797561756295,0.686075797561756295,-0.686075797561756295,-0.686075797561756295,0.686075797561756295,-0.686075797561756295,-0.686075797561756295,0.000173409820471358
6,full_diag_l0,294,-0.686075797561756295,-0.686075797561756295,0.686075797561756295,-0.686075797561756295,-0.686075797561756295,0.686075797561756295,-0.686075797561756295,-0.686075797561756295,0.686075797561756295,-0.686075797561756295,0.686075797561756295,0.000173409820471358
6,full_diag_l0,295,-0.686075797561756295,-0.686075797561756295,0.686075797561756295,-0.686075797561756295,-0.686075797561756295,0.686075797561756295,-0.686075797561756295,-0.686075797561756295,0.686075797561756295,0.686075797561756295,-0.686075797561756295,0.000173409820471358
6,full_diag_l0,296,-0.686075797561756295,-0.686075797561756295,0.686075797561756295,-0.686075797561756295,-0.686075797561756295,0.686075797561756295,-0.686075797561756295,-0.686075797561756295,0.686075797561756295,0.686075797561756295,0.686075797561756295,0.000173409820471358
6,full_diag_l0,297,-0.686075797561756295,-0.686075797561756295,0.686075797561756295,-0.686075797561756295,-0.686075797561756295,0.686075797561756295,-0.686075797561756295,0.686075797561756295,-0.686075797561756295,-0.686075797561756295,-0.686075797561756295,0.000173409820471358
6,full_diag_l0,298,-0.686075797561756295,-0.686075797561756295,0.686075797561756295,-0.686075797561756295,-0.686075797561756295,0.686075797561756295,-0.686075797561756295,0.686075797561756295,-0.686075797561756295,-0.686075797561756295,0.686075797561756295,0.000173409820471358
6,full_diag_l0,299,-0.686075797561756295,-0.686075797561756295,0.686075797561756295,-0.686075797561756295,-0.686075797561756295,0.686075797561756295,-0.686075797561756295,0.686075797561756295,-0.686075797561756295,0.686075797561756295,-0.686075797561756295,0.000173409820471358
6,full_diag_l0,300,-0.686075797561756295,-0.686075797561756295,0.686075797561756295,-0.686075797561756295,-0.686075797561756295,0.686075797561756295,-0.686075797561756295,0.686075797561756295,-0.686075797561756295,0.686075797561756295,0.686075797561756295,0.000173409820471358
6,full_diag_l0,301,-0.686075797561756295,-0.686075797561756295,0.686075797561756295,-0.686075797561756295,-0.686075797561756295,0.686075797561756295,-0.686075797561756295,0.686075797561756295,0.686075797561756295,-0.686075797561756295,-0.686075797561756295,0.000173409820471358
6,full_diag_l0,302,-0.686075797561756295,-0.686075797561756295,0.686075797561756295,-0.686075797561756295,-0.686075797561756295,0.686075797561756295,-0.686075797561756295,0.686075797561756295,0.686075797561756295,-0.686075797561756295,0.686075797561756295,0.000173409820471358
6,full_diag_l0,303,-0.686075797561756295,-0.686075797561756295,0.686075797561756295,-0.686075797561756295,-0.686075797561756295,0.686075797561756295,-0.686075797561756295,0.686075797561756295,0.686075797561756295,0.686075797561756295,-0.686075797561756295,0.000173409820471358
6,full_diag_l0,304,-0.686075797561756295,-0.686075797561756295,0.686075797561756295,-0.686075797561756295,-0.686075797561756295,0.686075797561756295,-0.686075797561756295,0.686075797561756295,0.686075797561756295,0.686075797561756295,0.686075797561756295,0.000173409820471358
6,full_diag_l0,305,-0.686075797561756295,-0.686075797561756295,0.686075797561756295,-0.686075797561756295,-0.686075797561756295,0.686075797561756295,0.686075797561756295,-0.686075797561756295,-0.686075797561756295,-0.686075797561756295,-0.686075797561756295,0.000173409820471358
6,full_diag_l0,306,-0.686075797561756295,-0.686075797561756295,0.686075797561756295,-0.686075797561756295,-0.686075797561756295,0.686075797561756295,0.686075797561756295,-0.686075797561756295,-0.686075797561756295,-0.686075797561756295,0.686075797561756295,0.000173409820471358
6,full_diag_l0,307,-0.686075797561756295,-0.686075797561756295,0.686075797561756295,-0.686075797561756295,-0.686075797561756295,0.686075797561756295,0.686075797561756295,-0.686075797561756295,-0.686075797561756295,0.686075797561756295,-0.686075797561756295,0.000173409820471358
6,full_diag_l0,308,-0.686075797561756295,-0.686075797561756295,0.686075797561756295,-0.686075797561756295,-0.686075797561756295,0.686075797561756295,0.686075797561756295,-0.686075797561756295,-0.686075797561756295,0.686075797561756295,0.686075797561756295,0.000173409820471358
6,full_diag_l0,309,-0.686075797561756295,-0.686075797561756295,0.686075797561756295,-0.686075797561756295,-0.686075797561756295,0.686075797561756295,0.686075797561756295,-0.686075797561756295,0.686075797561756295,-0.686075797561756295,-0.686075797561756295,0.000173409820471358
6,full_diag_l0,310,-0.686075797561756295,-0.686075797561756295,0.686075797561756295,-0.686075797561756295,-0.686075797561756295,0.686075797561756295,0.686075797561756295,-0.686075797561756295,0.686075797561756295,-0.686075797561756295,0.686075797561756295,0.000173409820471358
6,full_diag_l0,311,-0.686075797561756295,-0.686075797561756295,0.686075797561756295,-0.686075797561756295,-0.686075797561756295,0.686075797561756295,0.686075797561756295,-0.686075797561756295,0.686075797561756295,0.686075797561756295,-0.686075797561756295,0.000173409820471358
6,full_diag_l0,312,-0.686075797561756295,-0.686075797561756295,0.686075797561756295,-0.686075797561756295,-0.686075797561756295,0.686075797561756295,0.686075797561756295,-0.686075797561756295,0.686075797561756295,0.686075797561756295,0.686075797561756295,0.000173409820471358
6,full_diag_l0,313,-0.686075797561756295,-0.686075797561756295,0.686075797561756295,-0.686075797561756295,-0.686075797561756295,0.686075797561756295,0.686075797561756295,0.686075797561756295,-0.686075797561756295,-0.686075797561756295,-0.686075797561756295,0.000173409820471358
6,full_diag_l0,314,-0.686075797561756295,-0.686075797561756295,0.686075797561756295,-0.686075797561756295,-0.686075797561756295,0.686075797561756295,0.686075797561756295,0.686075797561756295,-0.686075797561756295,-0.686075797561756295,0.686075797561756295,0.000173409820471358
6,full_diag_l0,315,-0.686075797561756295,-0.686075797561756295,0.686075797561756295,-0.686075797561756295,-0.686075797561756295,0.686075797561756295,0.686075797561756295,0.686075797561756295,-0.686075797561756295,0.686075797561756295,-0.686075797561756295,0.000173409820471358
6,full_diag_l0,316,-0.686075797561756295,-0.686075797561756295,0.686075797561756295,-0.686075797561756295,-0.686075797561756295,0.686075797561756295,0.686075797561756295,0.686075797561756295,-0.686075797561756295,0.686075797561756295,0.686075797561756295,0.000173409820471358
6,full_diag_l0,317,-0.686075797561756295,-0.686075797561756295,0.686075797561756295,-0.686075797561756295,-0.686075797561756295,0.686075797561756295,0.686075797561756295,0.686075797561756295,0.686075797561756295,-0.686075797561756295,-0.686075797561756295,0.000173409820471358
6,full_diag_l0,318,-0.686075797561756295,-0.686075797561756295,0.686075797561756295,-0.686075797561756295,-0.686075797561756295,0.686075797561756295,0.686075797561756295,0.686075797561756295,0.686075797561756295,-0.686075797561756295,0.686075797561756295,0.000173409820471358
6,full_diag_l0,319,-0.686075797561756295,-0.686075797561756295,0.686075797561756295,-0.686075797561756295,-0.686075797561756295,0.686075797561756295,0.686075797561756295,0.686075797561756295,0.686075797561756295,0.686075797561756295,-0.686075797561756295,0.000173409820471358
6,full_diag_l0,320,-0.686075797561756295,-0.686075797561756295,0.686075797561756295,-0.686075797561756295,-0.686075797561756295,0.686075797561756295,0.686075797561756295,0.686075797561756295,0.686075797561756295,0.686075797561756295,0.686075797561756295,0.000173409820471358
6,full_diag_l0,321,-0.686075797561756295,-0.686075797561756295,0.686075797561756295,-0.686075797561756295,0.686075797561756295,-0.686075797561756295,-0.686075797561756295,-0.686075797561756295,-0.686075797561756295,-0.686075797561756295,-0.686075797561756295,0.000173409820471358
6,full_diag_l0,322,-0.686075797561756295,-0.686075797561756295,0.686075797561756295,-0.686075797561756295,0.686075797561756295,-0.686075797561756295,-0.686075797561756295,-0.686075797561756295,-0.686075797561756295,-0.686075797561756295,0.686075797561756295,0.000173409820471358
6,full_diag_l0,323,-0.686075797561756295,-0.686075797561756295,0.686075797561756295,-0.686075797561756295,0.686075797561756295,-0.686075797561756295,-0.686075797561756295,-0.686075797561756295,-0.686075797561756295,0.686075797561756295,-0.686075797561756295,0.000173409820471358
6,full_diag_l0,324,-0.686075797561756295,-0.686075797561756295,0.686075797561756295,-0.686075797561756295,0.686075797561756295,-0.686075797561756295,-0.686075797561756295,-0.686075797561756295,-0.686075797561756295,0.686075797561756295,0.686075797561756295,0.000173409820471358
6,full_diag_l0,325,-0.686075797561756295,-0.686075797561756295,0.686075797561756295,-0.686075797561756295,0.686075797561756295,-0.686075797561756295,-0.686075797561756295,-0.686075797561756295,0.686075797561756295,-0.686075797561756295,-0.686075797561756295,0.000173409820471358
6,full_diag_l0,326,-0.686075797561756295,-0.686075797561756295,0.686075797561756295,-0.686075797561756295,0.686075797561756295,-0.686075797561756295,-0.686075797561756295,-0.686075797561756295,0.686075797561756295,-0.686075797561756295,0.686075797561756295,0.000173409820471358
6,full_diag_l0,327,-0.686075797561756295,-0.686075797561756295,0.686075797561756295,-0.686075797561756295,0.686075797561756295,-0.686075797561756295,-0.686075797561756295,-0.686075797561756295,0.686075797561756295,0.686075797561756295,-0.686075797561756295,0.000173409820471358
6,full_diag_l0,328,-0.686075797561756295,-0.686075797561756295,0.686075797561756295,-0.686075797561756295,0.686075797561756295,-0.686075797561756295,-0.686075797561756295,-0.686075797561756295,0.686075797561756295,0.686075797561756295,0.686075797561756295,0.000173409820471358
6,full_diag_l0,329,-0.686075797561756295,-0.686075797561756295,0.686075797561756295,-0.686075797561756295,0.686075797561756295,-0.686075797561756295,-0.686075797561756295,0.686075797561756295,-0.686075797561756295,-0.686075797561756295,-0.686075797561756295,0.000173409820471358
6,full_diag_l0,330,-0.686075797561756295,-0.686075797561756295,0.686075797561756295,-0.686075797561756295,0.686075797561756295,-0.686075797561756295,-0.686075797561756295,0.686075797561756295,-0.686075797561756295,-0.686075797561756295,0.686075797561756295,0.000173409820471358
6,full_diag_l0,331,-0.686075797561756295,-0.686075797561756295,0.686075797561756295,-0.686075797561756295,0.686075797561756295,-0.686075797561756295,-0.686075797561756295,0.686075797561756295,-0.686075797561756295,0.686075797561756295,-0.686075797561756295,0.000173409820471358
6,full_diag_l0,332,-0.686075797561756295,-0.686075797561756295,0.686075797561756295,-0.686075797561756295,0.686075797561756295,-0.686075797561756295,-0.686075797561756295,0.686075797561756295,-0.686075797561756295,0.686075797561756295,0.686075797561756295,0.000173409820471358
6,full_diag_l0,333,-0.686075797561756295,-0.686075797561756295,0.686075797561756295,-0.686075797561756295,0.686075797561756295,-0.686075797561756295,-0.686075797561756295,0.686075797561756295,0.686075797561756295,-0.686075797561756295,-0.686075797561756295,0.000173409820471358
6,full_diag_l0,334,-0.686075797561756295,-0.686075797561756295,0.686075797561756295,-0.686075797561756295,0.686075797561756295,-0.686075797561756295,-0.686075797561756295,0.686075797561756295,0.686075797561756295,-0.686075797561756295,0.686075797561756295,0.000173409820471358
6,full_diag_l0,335,-0.686075797561756295,-0.686075797561756295,0.686075797561756295,-0.686075797561756295,0.686075797561756295,-0.686075797561756295,-0.686075797561756295,0.686075797561756295,0.686075797561756295,0.686075797561756295,-0.686075797561756295,0.000173409820471358
6,full_diag_l0,336,-0.686075797561756295,-0.686075797561756295,0.686075797561756295,-0.686075797561756295,0.686075797561756295,-0.686075797561756295,-0.686075797561756295,0.686075797561756295,0.686075797561756295,0.686075797561756295,0.686075797561756295,0.000173409820471358
6,full_diag_l0,337,-0.686075797561756295,-0.686075797561756295,0.686075797561756295,-0.686075797561756295,0.686075797561756295,-0.686075797561756295,0.686075797561756295,-0.686075797561756295,-0.686075797561756295,-0.686075797561756295,-0.686075797561756295,0.000173409820471358
6,full_diag_l0,338,-0.686075797561756295,-0.686075797561756295,0.686075797561756295,-0.686075797561756295,0.686075797561756295,-0.686075797561756295,0.686075797561756295,-0.686075797561756295,-0.686075797561756295,-0.686075797561756295,0.686075797561756295,0.000173409820471358
6,full_diag_l0,339,-0.686075797561756295,-0.686075797561756295,0.686075797561756295,-0.686075797561756295,0.686075797561756295,-0.686075797561756295,0.686075797561756295,-0.686075797561756295,-0.686075797561756295,0.686075797561756295,-0.686075797561756295,0.000173409820471358
6,full_diag_l0,340,-0.686075797561756295,-0.686075797561756295,0.686075797561756295,-0.686075797561756295,0.686075797561756295,-0.686075797561756295,0.686075797561756295,-0.686075797561756295,-0.686075797561756295,0.686075797561756295,0.686075797561756295,0.000173409820471358
6,full_diag_l0,341,-0.686075797561756295,-0.686075797561756295,0.686075797561756295,-0.686075797561756295,0.686075797561756295,-0.686075797561756295,0.686075797561756295,-0.686075797561756295,0.686075797561756295,-0.686075797561756295,-0.686075797561756295,0.000173409820471358
6,full_diag_l0,342,-0.686075797561756295,-0.686075797561756295,0.686075797561756295,-0.686075797561756295,0.686075797561756295,-0.686075797561756295,0.686075797561756295,-0.686075797561756295,0.686075797561756295,-0.686075797561756295,0.686075797561756295,0.000173409820471358
6,full_diag_l0,343,-0.686075797561756295,-0.686075797561756295,0.686075797561756295,-0.686075797561756295,0.686075797561756295,-0.686075797561756295,0.686075797561756295,-0.686075797561756295,0.686075797561756295,0.686075797561756295,-0.686075797561756295,0.000173409820471358
6,full_diag_l0,344,-0.686075797561756295,-0.686075797561756295,0.686075797561756295,-0.686075797561756295,0.686075797561756295,-0.686075797561756295,0.686075797561756295,-0.686075797561756295,0.686075797561756295,0.686075797561756295,0.686075797561756295,0.000173409820471358
6,full_diag_l0,345,-0.686075797561756295,-0.686075797561756295,0.686075797561756295,-0.686075797561756295,0.686075797561756295,-0.686075797561756295,0.686075797561756295,0.686075797561756295,-0.686075797561756295,-0.686075797561756295,-0.686075797561756295,0.000173409820471358
6,full_diag_l0,346,-0.686075797561756295,-0.686075797561756295,0.686075797561756295,-0.686075797561756295,0.686075797561756295,-0.686075797561756295,0.686075797561756295,0.686075797561756295,-0.686075797561756295,-0.686075797561756295,0.686075797561756295,0.000173409820471358
6,full_diag_l0,347,-0.686075797561756295,-0.686075797561756295,0.686075797561756295,-0.686075797561756295,0.686075797561756295,-0.686075797561756295,0.686075797561756295,0.686075797561756295,-0.686075797561756295,0.686075797561756295,-0.686075797561756295,0.000173409820471358
6,full_diag_l0,348,-0.686075797561756295,-0.686075797561756295,0.686075797561756295,-0.686075797561756295,0.686075797561756295,-0.686075797561756295,0.686075797561756295,0.686075797561756295,-0.686075797561756295,0.686075797561756295,0.686075797561756295,0.000173409820471358
6,full_diag_l0,349,-0.686075797561756295,-0.686075797561756295,0.686075797561756295,-0.686075797561756295,0.686075797561756295,-0.686075797561756295,0.686075797561756295,0.686075797561756295,0.686075797561756295,-0.686075797561756295,-0.686075797561756295,0.000173409820471358
6,full_diag_l0,350,-0.686075797561756295,-0.686075797561756295,0.686075797561756295,-0.686075797561756295,0.686075797561756295,-0.686075797561756295,0.686075797561756295,0.686075797561756295,0.686075797561756295,-0.686075797561756295,0.686075797561756295,0.000173409820471358
6,full_diag_l0,351,-0.686075797561756295,-0.686075797561756295,0.686075797561756295,-0.686075797561756295,0.686075797561756295,-0.686075797561756295,0.686075797561756295,0.686075797561756295,0.686075797561756295,0.686075797561756295,-0.686075797561756295,0.000173409820471358
6,full_diag_l0,352,-0.686075797561756295,-0.686075797561756295,0.686075797561756295,-0.686075797561756295,0.686075797561756295,-0.686075797561756295,0.686075797561756295,0.686075797561756295,0.686075797561756295,0.686075797561756295,0.686075797561756295,0.000173409820471358
6,full_diag_l0,353,-0.686075797561756295,-0.686075797561756295,0.686075797561756295,-0.686075797561756295,0.686075797561756295,0.686075797561756295,-0.686075797561756295,-0.686075797561756295,-0.686075797561756295,-0.686075797561756295,-0.686075797561756295,0.000173409820471358
6,full_diag_l0,354,-0.686075797561756295,-0.686075797561756295,0.686075797561756295,-0.686075797561756295,0.686075797561756295,0.686075797561756295,-0.686075797561756295,-0.686075797561756295,-0.686075797561756295,-0.686075797561756295,0.686075797561756295,0.000173409820471358
6,full_diag_l0,355,-0.686075797561756295,-0.686075797561756295,0.686075797561756295,-0.686075797561756295,0.686075797561756295,0.686075797561756295,-0.686075797561756295,-0.686075797561756295,-0.686075797561756295,0.686075797561756295,-0.686075797561756295,0.000173409820471358
6,full_diag_l0,356,-0.686075797561756295,-0.686075797561756295,0.686075797561756295,-0.686075797561756295,0.686075797561756295,0.686075797561756295,-0.686075797561756295,-0.686075797561756295,-0.686075797561756295,0.686075797561756295,0.686075797561756295,0.000173409820471358
6,full_diag_l0,357,-0.686075797561756295,-0.686075797561756295,0.686075797561756295,-0.686075797561756295,0.686075797561756295,0.686075797561756295,-0.686075797561756295,-0.686075797561756295,0.686075797561756295,-0.686075797561756295,-0.686075797561756295,0.000173409820471358
6,full_diag_l0,358,-0.686075797561756295,-0.686075797561756295,0.686075797561756295,-0.686075797561756295,0.686075797561756295,0.686075797561756295,-0.686075797561756295,-0.686075797561756295,0.686075797561756295,-0.686075797561756295,0.686075797561756295,0.000173409820471358
6,full_diag_l0,359,-0.686075797561756295,-0.686075797561756295,0.686075797561756295,-0.686075797561756295,0.686075797561756295,0.686075797561756295,-0.686075797561756295,-0.686075797561756295,0.686075797561756295,0.686075797561756295,-0.686075797561756295,0.000173409820471358
6,full_diag_l0,360,-0.686075797561756295,-0.686075797561756295,0.686075797561756295,-0.686075797561756295,0.686075797561756295,0.686075797561756295,-0.686075797561756295,-0.686075797561756295,0.686075797561756295,0.686075797561756295,0.686075797561756295,0.000173409820471358
6,full_diag_l0,361,-0.686075797561756295,-0.686075797561756295,0.686075797561756295,-0.686075797561756295,0.686075797561756295,0.686075797561756295,-0.686075797561756295,0.686075797561756295,-0.686075797561756295,-0.686075797561756295,-0.686075797561756295,0.000173409820471358
6,full_diag_l0,362,-0.686075797561756295,-0.686075797561756295,0.686075797561756295,-0.686075797561756295,0.686075797561756295,0.686075797561756295,-0.686075797561756295,0.686075797561756295,-0.686075797561756295,-0.686075797561756295,0.686075797561756295,0.000173409820471358
6,full_diag_l0,363,-0.686075797561756295,-0.686075797561756295,0.686075797561756295,-0.686075797561756295,0.686075797561756295,0.686075797561756295,-0.686075797561756295,0.686075797561756295,-0.686075797561756295,0.686075797561756295,-0.686075797561756295,0.000173409820471358
6,full_diag_l0,364,-0.686075797561756295,-0.686075797561756295,0.686075797561756295,-0.686075797561756295,0.686075797561756295,0.686075797561756295,-0.686075797561756295,0.686075797561756295,-0.686075797561756295,0.686075797561756295,0.686075797561756295,0.000173409820471358
6,full_diag_l0,365,-0.686075797561756295,-0.686075797561756295,0.686075797561756295,-0.686075797561756295,0.686075797561756295,0.686075797561756295,-0.686075797561756295,0.686075797561756295,0.686075797561756295,-0.686075797561756295,-0.686075797561756295,0.000173409820471358
6,full_diag_l0,366,-0.686075797561756295,-0.686075797561756295,0.686075797561756295,-0.686075797561756295,0.686075797561756295,0.686075797561756295,-0.686075797561756295,0.686075797561756295,0.686075797561756295,-0.686075797561756295,0.686075797561756295,0.000173409820471358
6,full_diag_l0,367,-0.686075797561756295,-0.686075797561756295,0.686075797561756295,-0.686075797561756295,0.686075797561756295,0.686075797561756295,-0.686075797561756295,0.686075797561756295,0.686075797561756295,0.686075797561756295,-0.686075797561756295,0.000173409820471358
6,full_diag_l0,368,-0.686075797561756295,-0.686075797561756295,0.686075797561756295,-0.686075797561756295,0.686075797561756295,0.686075797561756295,-0.686075797561756295,0.686075797561756295,0.686075797561756295,0.686075797561756295,0.686075797561756295,0.000173409820471358
6,full_diag_l0,369,-0.686075797561756295,-0.686075797561756295,0.686075797561756295,-0.686075797561756295,0.686075797561756295,0.686075797561756295,0.686075797561756295,-0.686075797561756295,-0.686075797561756295,-0.686075797561756295,-0.686075797561756295,0.000173409820471358
6,full_diag_l0,370,-0.686075797561756295,-0.686075797561756295,0.686075797561756295,-0.686075797561756295,0.686075797561756295,0.686075797561756295,0.686075797561756295,-0.686075797561756295,-0.686075797561756295,-0.686075797561756295,0.686075797561756295,0.000173409820471358
6,full_diag_l0,371,-0.686075797561756295,-0.686075797561756295,0.686075797561756295,-0.686075797561756295,0.686075797561756295,0.686075797561756295,0.686075797561756295,-0.686075797561756295,-0.686075797561756295,0.686075797561756295,-0.686075797561756295,0.000173409820471358
6,full_diag_l0,372,-0.686075797561756295,-0.686075797561756295,0.686075797561756295,-0.686075797561756295,0.686075797561756295,0.686075797561756295,0.686075797561756295,-0.686075797561756295,-0.686075797561756295,0.686075797561756295,0.686075797561756295,0.000173409820471358
6,full_diag_l0,373,-0.686075797561756295,-0.686075797561756295,0.686075797561756295,-0.686075797561756295,0.686075797561756295,0.686075797561756295,0.686075797561756295,-0.686075797561756295,0.686075797561756295,-0.686075797561756295,-0.686075797561756295,0.000173409820471358
6,full_diag_l0,374,-0.686075797561756295,-0.686075797561756295,0.686075797561756295,-0.686075797561756295,0.686075797561756295,0.686075797561756295,0.686075797561756295,-0.686075797561756295,0.686075797561756295,-0.686075797561756295,0.686075797561756295,0.000173409820471358
6,full_diag_l0,375,-0.686075797561756295,-0.686075797561756295,0.686075797561756295,-0.686075797561756295,0.686075797561756295,0.686075797561756295,0.686075797561756295,-0.686075797561756295,0.686075797561756295,0.686075797561756295,-0.686075797561756295,0.000173409820471358
6,full_diag_l0,376,-0.686075797561756295,-0.686075797561756295,0.686075797561756295,-0.686075797561756295,0.686075797561756295,0.686075797561756295,0.686075797561756295,-0.686075797561756295,0.686075797561756295,0.686075797561756295,0.686075797561756295,0.000173409820471358
6,full_diag_l0,377,-0.686075797561756295,-0.686075797561756295,0.686075797561756295,-0.686075797561756295,0.686075797561756295,0.686075797561756295,0.686075797561756295,0.686075797561756295,-0.686075797561756295,-0.686075797561756295,-0.686075797561756295,0.000173409820471358
6,full_diag_l0,378,-0.686075797561756295,-0.686075797561756295,0.686075797561756295,-0.686075797561756295,0.686075797561756295,0.686075797561756295,0.686075797561756295,0.686075797561756295,-0.686075797561756295,-0.686075797561756295,0.686075797561756295,0.000173409820471358
6,full_diag_l0,379,-0.686075797561756295,-0.686075797561756295,0.686075797561756295,-0.686075797561756295,0.686075797561756295,0.686075797561756295,0.686075797561756295,0.686075797561756295,-0.686075797561756295,0.686075797561756295,-0.686075797561756295,0.000173409820471358
6,full_diag_l0,380,-0.686075797561756295,-0.686075797561756295,0.686075797561756295,-0.686075797561756295,0.686075797561756295,0.686075797561756295,0.686075797561756295,0.686075797561756295,-0.686075797561756295,0.686075797561756295,0.686075797561756295,0.000173409820471358
6,full_diag_l0,381,-0.686075797561756295,-0.686075797561756295,0.686075797561756295,-0.686075797561756295,0.686075797561756295,0.686075797561756295,0.686075797561756295,0.686075797561756295,0.686075797561756295,-0.686075797561756295,-0.686075797561756295,0.000173409820471358
6,full_diag_l0,382,-0.686075797561756295,-0.686075797561756295,0.686075797561756295,-0.686075797561756295,0.686075797561756295,0.686075797561756295,0.686075797561756295,0.686075797561756295,0.686075797561756295,-0.686075797561756295,0.686075797561756295,0.000173409820471358
6,full_diag_l0,383,-0.686075797561756295,-0.686075797561756295,0.686075797561756295,-0.686075797561756295,0.686075797561756295,0.686075797561756295,0.686075797561756295,0.686075797561756295,0.686075797561756295,0.686075797561756295,-0.686075797561756295,0.000173409820471358
6,full_diag_l0,384,-0.686075797561756295,-0.686075797561756295,0.686075797561756295,-0.686075797561756295,0.686075797561756295,0.686075797561756295,0.686075797561756295,0.686075797561756295,0.686075797561756295,0.686075797561756295,0.686075797561756295,0.000173409820471358
6,full_diag_l0,385,-0.686075797561756295,-0.686075797561756295,0.686075797561756295,0.686075797561756295,-0.686075797561756295,-0.686075797561756295,-0.686075797561756295,-0.686075797561756295,-0.686075797561756295,-0.686075797561756295,-0.686075797561756295,0.000173409820471358
6,full_diag_l0,386,-0.686075797561756295,-0.686075797561756295,0.686075797561756295,0.686075797561756295,-0.686075797561756295,-0.686075797561756295,-0.686075797561756295,-0.686075797561756295,-0.686075797561756295,-0.686075797561756295,0.686075797561756295,0.000173409820471358
6,full_diag_l0,387,-0.686075797561756295,-0.686075797561756295,0.686075797561756295,0.686075797561756295,-0.686075797561756295,-0.686075797561756295,-0.686075797561756295,-0.686075797561756295,-0.686075797561756295,0.686075797561756295,-0.686075797561756295,0.000173409820471358
6,full_diag_l0,388,-0.686075797561756295,-0.686075797561756295,0.686075797561756295,0.686075797561756295,-0.686075797561756295,-0.686075797561756295,-0.686075797561756295,-0.686075797561756295,-0.686075797561756295,0.686075797561756295,0.686075797561756295,0.000173409820471358
6,full_diag_l0,389,-0.686075797561756295,-0.686075797561756295,0.686075797561756295,0.686075797561756295,-0.686075797561756295,-0.686075797561756295,-0.686075797561756295,-0.686075797561756295,0.686075797561756295,-0.686075797561756295,-0.686075797561756295,0.000173409820471358
6,full_diag_l0,390,-0.686075797561756295,-0.686075797561756295,0.686075797561756295,0.686075797561756295,-0.686075797561756295,-0.686075797561756295,-0.686075797561756295,-0.686075797561756295,0.686075797561756295,-0.686075797561756295,0.686075797561756295,0.000173409820471358
6,full_diag_l0,391,-0.686075797561756295,-0.686075797561756295,0.686075797561756295,0.686075797561756295,-0.686075797561756295,-0.686075797561756295,-0.686075797561756295,-0.686075797561756295,0.686075797561756295,0.686075797561756295,-0.686075797561756295,0.000173409820471358
6,full_diag_l0,392,-0.686075797561756295,-0.686075797561756295,0.686075797561756295,0.686075797561756295,-0.686075797561756295,-0.686075797561756295,-0.686075797561756295,-0.686075797561756295,0.686075797561756295,0.686075797561756295,0.686075797561756295,0.000173409820471358
6,full_diag_l0,393,-0.686075797561756295,-0.686075797561756295,0.686075797561756295,0.686075797561756295,-0.686075797561756295,-0.686075797561756295,-0.686075797561756295,0.686075797561756295,-0.686075797561756295,-0.686075797561756295,-0.686075797561756295,0.000173409820471358
6,full_diag_l0,394,-0.686075797561756295,-0.686075797561756295,0.686075797561756295,0.686075797561756295,-0.686075797561756295,-0.686075797561756295,-0.686075797561756295,0.686075797561756295,-0.686075797561756295,-0.686075797561756295,0.686075797561756295,0.000173409820471358
6,full_diag_l0,395,-0.686075797561756295,-0.686075797561756295,0.686075797561756295,0.686075797561756295,-0.686075797561756295,-0.686075797561756295,-0.686075797561756295,0.686075797561756295,-0.686075797561756295,0.686075797561756295,-0.686075797561756295,0.000173409820471358
6,full_diag_l0,396,-0.686075797561756295,-0.686075797561756295,0.686075797561756295,0.686075797561756295,-0.686075797561756295,-0.686075797561756295,-0.686075797561756295,0.686075797561756295,-0.686075797561756295,0.686075797561756295,0.686075797561756295,0.000173409820471358
6,full_diag_l0,397,-0.686075797561756295,-0.686075797561756295,0.686075797561756295,0.686075797561756295,-0.686075797561756295,-0.686075797561756295,-0.686075797561756295,0.686075797561756295,0.686075797561756295,-0.686075797561756295,-0.686075797561756295,0.000173409820471358
6,full_diag_l0,398,-0.686075797561756295,-0.686075797561756295,0.686075797561756295,0.686075797561756295,-0.686075797561756295,-0.686075797561756295,-0.686075797561756295,0.686075797561756295,0.686075797561756295,-0.686075797561756295,0.686075797561756295,0.000173409820471358
6,full_diag_l0,399,-0.686075797561756295,-0.686075797561756295,0.686075797561756295,0.686075797561756295,-0.686075797561756295,-0.686075797561756295,-0.686075797561756295,0.686075797561756295,0.686075797561756295,0.686075797561756295,-0.686075797561756295,0.000173409820471358
6,full_diag_l0,400,-0.686075797561756295,-0.686075797561756295,0.686075797561756295,0.686075797561756295,-0.686075797561756295,-0.686075797561756295,-0.686075797561756295,0.686075797561756295,0.686075797561756295,0.686075797561756295,0.686075797561756295,0.000173409820471358
6,full_diag_l0,401,-0.686075797561756295,-0.686075797561756295,0.686075797561756295,0.686075797561756295,-0.686075797561756295,-0.686075797561756295,0.686075797561756295,-0.686075797561756295,-0.686075797561756295,-0.686075797561756295,-0.686075797561756295,0.000173409820471358
6,full_diag_l0,402,-0.686075797561756295,-0.686075797561756295,0.686075797561756295,0.686075797561756295,-0.686075797561756295,-0.686075797561756295,0.686075797561756295,-0.686075797561756295,-0.686075797561756295,-0.686075797561756295,0.686075797561756295,0.000173409820471358
6,full_diag_l0,403,-0.686075797561756295,-0.686075797561756295,0.686075797561756295,0.686075797561756295,-0.686075797561756295,-0.686075797561756295,0.686075797561756295,-0.686075797561756295,-0.686075797561756295,0.686075797561756295,-0.686075797561756295,0.000173409820471358
6,full_diag_l0,404,-0.686075797561756295,-0.686075797561756295,0.686075797561756295,0.686075797561756295,-0.686075797561756295,-0.686075797561756295,0.686075797561756295,-0.686075797561756295,-0.686075797561756295,0.686075797561756295,0.686075797561756295,0.000173409820471358
6,full_diag_l0,405,-0.686075797561756295,-0.686075797561756295,0.686075797561756295,0.686075797561756295,-0.686075797561756295,-0.686075797561756295,0.686075797561756295,-0.686075797561756295,0.686075797561756295,-0.686075797561756295,-0.686075797561756295,0.000173409820471358
6,full_diag_l0,406,-0.686075797561756295,-0.686075797561756295,0.686075797561756295,0.686075797561756295,-0.686075797561756295,-0.686075797561756295,0.686075797561756295,-0.686075797561756295,0.686075797561756295,-0.686075797561756295,0.686075797561756295,0.000173409820471358
6,full_diag_l0,407,-0.686075797561756295,-0.686075797561756295,0.686075797561756295,0.686075797561756295,-0.686075797561756295,-0.686075797561756295,0.686075797561756295,-0.686075797561756295,0.686075797561756295,0.686075797561756295,-0.686075797561756295,0.000173409820471358
6,full_diag_l0,408,-0.686075797561756295,-0.686075797561756295,0.686075797561756295,0.686075797561756295,-0.686075797561756295,-0.686075797561756295,0.686075797561756295,-0.686075797561756295,0.686075797561756295,0.686075797561756295,0.686075797561756295,0.000173409820471358
6,full_diag_l0,409,-0.686075797561756295,-0.686075797561756295,0.686075797561756295,0.686075797561756295,-0.686075797561756295,-0.686075797561756295,0.686075797561756295,0.686075797561756295,-0.686075797561756295,-0.686075797561756295,-0.686075797561756295,0.000173409820471358
6,full_diag_l0,410,-0.686075797561756295,-0.686075797561756295,0.686075797561756295,0.686075797561756295,-0.686075797561756295,-0.686075797561756295,0.686075797561756295,0.686075797561756295,-0.686075797561756295,-0.686075797561756295,0.686075797561756295,0.000173409820471358
6,full_diag_l0,411,-0.686075797561756295,-0.686075797561756295,0.686075797561756295,0.686075797561756295,-0.686075797561756295,-0.686075797561756295,0.686075797561756295,0.686075797561756295,-0.686075797561756295,0.686075797561756295,-0.686075797561756295,0.000173409820471358
6,full_diag_l0,412,-0.686075797561756295,-0.686075797561756295,0.686075797561756295,0.686075797561756295,-0.686075797561756295,-0.686075797561756295,0.686075797561756295,0.686075797561756295,-0.686075797561756295,0.686075797561756295,0.686075797561756295,0.000173409820471358
6,full_diag_l0,413,-0.686075797561756295,-0.686075797561756295,0.686075797561756295,0.686075797561756295,-0.686075797561756295,-0.686075797561756295,0.686075797561756295,0.686075797561756295,0.686075797561756295,-0.686075797561756295,-0.686075797561756295,0.000173409820471358
6,full_diag_l0,414,-0.686075797561756295,-0.686075797561756295,0.686075797561756295,0.686075797561756295,-0.686075797561756295,-0.686075797561756295,0.686075797561756295,0.686075797561756295,0.686075797561756295,-0.686075797561756295,0.686075797561756295,0.000173409820471358
6,full_diag_l0,415,-0.686075797561756295,-0.686075797561756295,0.686075797561756295,0.686075797561756295,-0.686075797561756295,-0.686075797561756295,0.686075797561756295,0.686075797561756295,0.686075797561756295,0.686075797561756295,-0.686075797561756295,0.000173409820471358
6,full_diag_l0,416,-0.686075797561756295,-0.686075797561756295,0.686075797561756295,0.686075797561756295,-0.686075797561756295,-0.686075797561756295,0.686075797561756295,0.686075797561756295,0.686075797561756295,0.686075797561756295,0.686075797561756295,0.000173409820471358
6,full_diag_l0,417,-0.686075797561756295,-0.686075797561756295,0.686075797561756295,0.686075797561756295,-0.686075797561756295,0.686075797561756295,-0.686075797561756295,-0.686075797561756295,-0.686075797561756295,-0.686075797561756295,-0.686075797561756295,0.000173409820471358
6,full_diag_l0,418,-0.686075797561756295,-0.686075797561756295,0.686075797561756295,0.686075797561756295,-0.686075797561756295,0.686075797561756295,-0.686075797561756295,-0.686075797561756295,-0.686075797561756295,-0.686075797561756295,0.686075797561756295,0.000173409820471358
6,full_diag_l0,419,-0.686075797561756295,-0.686075797561756295,0.686075797561756295,0.686075797561756295,-0.686075797561756295,0.686075797561756295,-0.686075797561756295,-0.686075797561756295,-0.686075797561756295,0.686075797561756295,-0.686075797561756295,0.000173409820471358
6,full_diag_l0,420,-0.686075797561756295,-0.686075797561756295,0.686075797561756295,0.686075797561756295,-0.686075797561756295,0.686075797561756295,-0.686075797561756295,-0.686075797561756295,-0.686075797561756295,0.686075797561756295,0.686075797561756295,0.000173409820471358
6,full_diag_l0,421,-0.686075797561756295,-0.686075797561756295,0.686075797561756295,0.686075797561756295,-0.686075797561756295,0.686075797561756295,-0.686075797561756295,-0.686075797561756295,0.686075797561756295,-0.686075797561756295,-0.686075797561756295,0.000173409820471358
6,full_diag_l0,422,-0.686075797561756295,-0.686075797561756295,0.686075797561756295,0.686075797561756295,-0.686075797561756295,0.686075797561756295,-0.686075797561756295,-0.686075797561756295,0.686075797561756295,-0.686075797561756295,0.686075797561756295,0.000173409820471358
6,full_diag_l0,423,-0.686075797561756295,-0.686075797561756295,0.686075797561756295,0.686075797561756295,-0.686075797561756295,0.686075797561756295,-0.686075797561756295,-0.686075797561756295,0.686075797561756295,0.686075797561756295,-0.686075797561756295,0.000173409820471358
6,full_diag_l0,424,-0.686075797561756295,-0.686075797561756295,0.686075797561756295,0.686075797561756295,-0.686075797561756295,0.686075797561756295,-0.686075797561756295,-0.686075797561756295,0.686075797561756295,0.686075797561756295,0.686075797561756295,0.000173409820471358
6,full_diag_l0,425,-0.686075797561756295,-0.686075797561756295,0.686075797561756295,0.686075797561756295,-0.686075797561756295,0.686075797561756295,-0.686075797561756295,0.686075797561756295,-0.686075797561756295,-0.686075797561756295,-0.686075797561756295,0.000173409820471358
6,full_diag_l0,426,-0.686075797561756295,-0.686075797561756295,0.686075797561756295,0.686075797561756295,-0.686075797561756295,0.686075797561756295,-0.686075797561756295,0.686075797561756295,-0.686075797561756295,-0.686075797561756295,0.686075797561756295,0.000173409820471358
6,full_diag_l0,427,-0.686075797561756295,-0.686075797561756295,0.686075797561756295,0.686075797561756295,-0.686075797561756295,0.686075797561756295,-0.686075797561756295,0.686075797561756295,-0.686075797561756295,0.686075797561756295,-0.686075797561756295,0.000173409820471358
6,full_diag_l0,428,-0.686075797561756295,-0.686075797561756295,0.686075797561756295,0.686075797561756295,-0.686075797561756295,0.686075797561756295,-0.686075797561756295,0.686075797561756295,-0.686075797561756295,0.686075797561756295,0.686075797561756295,0.000173409820471358
6,full_diag_l0,429,-0.686075797561756295,-0.686075797561756295,0.686075797561756295,0.686075797561756295,-0.686075797561756295,0.686075797561756295,-0.686075797561756295,0.686075797561756295,0.686075797561756295,-0.686075797561756295,-0.686075797561756295,0.000173409820471358
6,full_diag_l0,430,-0.686075797561756295,-0.686075797561756295,0.686075797561756295,0.686075797561756295,-0.686075797561756295,0.686075797561756295,-0.686075797561756295,0.686075797561756295,0.686075797561756295,-0.686075797561756295,0.686075797561756295,0.000173409820471358
6,full_diag_l0,431,-0.686075797561756295,-0.686075797561756295,0.686075797561756295,0.686075797561756295,-0.686075797561756295,0.686075797561756295,-0.686075797561756295,0.686075797561756295,0.686075797561756295,0.686075797561756295,-0.686075797561756295,0.000173409820471358
6,full_diag_l0,432,-0.686075797561756295,-0.686075797561756295,0.686075797561756295,0.686075797561756295,-0.686075797561756295,0.686075797561756295,-0.686075797561756295,0.686075797561756295,0.686075797561756295,0.686075797561756295,0.686075797561756295,0.000173409820471358
6,full_diag_l0,433,-0.686075797561756295,-0.686075797561756295,0.686075797561756295,0.686075797561756295,-0.686075797561756295,0.686075797561756295,0.686075797561756295,-0.686075797561756295,-0.686075797561756295,-0.686075797561756295,-0.686075797561756295,0.000173409820471358
6,full_diag_l0,434,-0.686075797561756295,-0.686075797561756295,0.686075797561756295,0.686075797561756295,-0.686075797561756295,0.686075797561756295,0.686075797561756295,-0.686075797561756295,-0.686075797561756295,-0.686075797561756295,0.686075797561756295,0.000173409820471358
6,full_diag_l0,435,-0.686075797561756295,-0.686075797561756295,0.686075797561756295,0.686075797561756295,-0.686075797561756295,0.686075797561756295,0.686075797561756295,-0.686075797561756295,-0.686075797561756295,0.686075797561756295,-0.686075797561756295,0.000173409820471358
6,full_diag_l0,436,-0.686075797561756295,-0.686075797561756295,0.686075797561756295,0.686075797561756295,-0.686075797561756295,0.686075797561756295,0.686075797561756295,-0.686075797561756295,-0.686075797561756295,0.686075797561756295,0.686075797561756295,0.000173409820471358
6,full_diag_l0,437,-0.686075797561756295,-0.686075797561756295,0.686075797561756295,0.686075797561756295,-0.686075797561756295,0.686075797561756295,0.686075797561756295,-0.686075797561756295,0.686075797561756295,-0.686075797561756295,-0.686075797561756295,0.000173409820471358
6,full_diag_l0,438,-0.686075797561756295,-0.686075797561756295,0.686075797561756295,0.686075797561756295,-0.686075797561756295,0.686075797561756295,0.686075797561756295,-0.686075797561756295,0.686075797561756295,-0.686075797561756295,0.686075797561756295,0.000173409820471358
6,full_diag_l0,439,-0.686075797561756295,-0.686075797561756295,0.686075797561756295,0.686075797561756295,-0.686075797561756295,0.686075797561756295,0.686075797561756295,-0.686075797561756295,0.686075797561756295,0.686075797561756295,-0.686075797561756295,0.000173409820471358
6,full_diag_l0,440,-0.686075797561756295,-0.686075797561756295,0.686075797561756295,0.686075797561756295,-0.686075797561756295,0.686075797561756295,0.686075797561756295,-0.686075797561756295,0.686075797561756295,0.686075797561756295,0.686075797561756295,0.000173409820471358
6,full_diag_l0,441,-0.686075797561756295,-0.686075797561756295,0.686075797561756295,0.686075797561756295,-0.686075797561756295,0.686075797561756295,0.686075797561756295,0.686075797561756295,-0.686075797561756295,-0.686075797561756295,-0.686075797561756295,0.000173409820471358
6,full_diag_l0,442,-0.686075797561756295,-0.686075797561756295,0.686075797561756295,0.686075797561756295,-0.686075797561756295,0.686075797561756295,0.686075797561756295,0.686075797561756295,-0.686075797561756295,-0.686075797561756295,0.686075797561756295,0.000173409820471358
6,full_diag_l0,443,-0.686075797561756295,-0.686075797561756295,0.686075797561756295,0.686075797561756295,-0.686075797561756295,0.686075797561756295,0.686075797561756295,0.686075797561756295,-0.686075797561756295,0.686075797561756295,-0.686075797561756295,0.000173409820471358
6,full_diag_l0,444,-0.686075797561756295,-0.686075797561756295,0.686075797561756295,0.686075797561756295,-0.686075797561756295,0.686075797561756295,0.686075797561756295,0.686075797561756295,-0.686075797561756295,0.686075797561756295,0.686075797561756295,0.000173409820471358
6,full_diag_l0,445,-0.686075797561756295,-0.686075797561756295,0.686075797561756295,0.686075797561756295,-0.686075797561756295,0.686075797561756295,0.686075797561756295,0.686075797561756295,0.686075797561756295,-0.686075797561756295,-0.686075797561756295,0.000173409820471358
6,full_diag_l0,446,-0.686075797561756295,-0.686075797561756295,0.686075797561756295,0.686075797561756295,-0.686075797561756295,0.686075797561756295,0.686075797561756295,0.686075797561756295,0.686075797561756295,-0.686075797561756295,0.686075797561756295,0.000173409820471358
6,full_diag_l0,447,-0.686075797561756295,-0.686075797561756295,0.686075797561756295,0.686075797561756295,-0.686075797561756295,0.686075797561756295,0.686075797561756295,0.686075797561756295,0.686075797561756295,0.686075797561756295,-0.686075797561756295,0.000173409820471358
6,full_diag_l0,448,-0.686075797561756295,-0.686075797561756295,0.686075797561756295,0.686075797561756295,-0.686075797561756295,0.686075797561756295,0.686075797561756295,0.686075797561756295,0.686075797561756295,0.686075797561756295,0.686075797561756295,0.000173409820471358
6,full_diag_l0,449,-0.686075797561756295,-0.686075797561756295,0.686075797561756295,0.686075797561756295,0.686075797561756295,-0.686075797561756295,-0.686075797561756295,-0.686075797561756295,-0.686075797561756295,-0.686075797561756295,-0.686075797561756295,0.000173409820471358
6,full_diag_l0,450,-0.686075797561756295,-0.686075797561756295,0.686075797561756295,0.686075797561756295,0.686075797561756295,-0.686075797561756295,-0.686075797561756295,-0.686075797561756295,-0.686075797561756295,-0.686075797561756295,0.686075797561756295,0.000173409820471358
6,full_diag_l0,451,-0.686075797561756295,-0.686075797561756295,0.686075797561756295,0.686075797561756295,0.686075797561756295,-0.686075797561756295,-0.686075797561756295,-0.686075797561756295,-0.686075797561756295,0.686075797561756295,-0.686075797561756295,0.000173409820471358
6,full_diag_l0,452,-0.686075797561756295,-0.686075797561756295,0.686075797561756295,0.686075797561756295,0.686075797561756295,-0.686075797561756295,-0.686075797561756295,-0.686075797561756295,-0.686075797561756295,0.686075797561756295,0.686075797561756295,0.000173409820471358
6,full_diag_l0,453,-0.686075797561756295,-0.686075797561756295,0.686075797561756295,0.686075797561756295,0.686075797561756295,-0.686075797561756295,-0.686075797561756295,-0.686075797561756295,0.686075797561756295,-0.686075797561756295,-0.686075797561756295,0.000173409820471358
6,full_diag_l0,454,-0.686075797561756295,-0.686075797561756295,0.686075797561756295,0.686075797561756295,0.686075797561756295,-0.686075797561756295,-0.686075797561756295,-0.686075797561756295,0.686075797561756295,-0.686075797561756295,0.686075797561756295,0.000173409820471358
6,full_diag_l0,455,-0.686075797561756295,-0.686075797561756295,0.686075797561756295,0.686075797561756295,0.686075797561756295,-0.686075797561756295,-0.686075797561756295,-0.686075797561756295,0.686075797561756295,0.686075797561756295,-0.686075797561756295,0.000173409820471358
6,full_diag_l0,456,-0.686075797561756295,-0.686075797561756295,0.686075797561756295,0.686075797561756295,0.686075797561756295,-0.686075797561756295,-0.686075797561756295,-0.686075797561756295,0.686075797561756295,0.686075797561756295,0.686075797561756295,0.000173409820471358
6,full_diag_l0,457,-0.686075797561756295,-0.686075797561756295,0.686075797561756295,0.686075797561756295,0.686075797561756295,-0.686075797561756295,-0.686075797561756295,0.686075797561756295,-0.686075797561756295,-0.686075797561756295,-0.686075797561756295,0.000173409820471358
6,full_diag_l0,458,-0.686075797561756295,-0.686075797561756295,0.686075797561756295,0.686075797561756295,0.686075797561756295,-0.686075797561756295,-0.686075797561756295,0.686075797561756295,-0.686075797561756295,-0.686075797561756295,0.686075797561756295,0.000173409820471358
6,full_diag_l0,459,-0.686075797561756295,-0.686075797561756295,0.686075797561756295,0.686075797561756295,0.686075797561756295,-0.686075797561756295,-0.686075797561756295,0.686075797561756295,-0.686075797561756295,0.686075797561756295,-0.686075797561756295,0.000173409820471358
6,full_diag_l0,460,-0.686075797561756295,-0.686075797561756295,0.686075797561756295,0.686075797561756295,0.686075797561756295,-0.686075797561756295,-0.686075797561756295,0.686075797561756295,-0.686075797561756295,0.686075797561756295,0.686075797561756295,0.000173409820471358
6,full_diag_l0,461,-0.686075797561756295,-0.686075797561756295,0.686075797561756295,0.686075797561756295,0.686075797561756295,-0.686075797561756295,-0.686075797561756295,0.686075797561756295,0.686075797561756295,-0.686075797561756295,-0.686075797561756295,0.000173409820471358
6,full_diag_l0,462,-0.686075797561756295,-0.686075797561756295,0.686075797561756295,0.686075797561756295,0.686075797561756295,-0.686075797561756295,-0.686075797561756295,0.686075797561756295,0.686075797561756295,-0.686075797561756295,0.686075797561756295,0.000173409820471358
6,full_diag_l0,463,-0.686075797561756295,-0.686075797561756295,0.686075797561756295,0.686075797561756295,0.686075797561756295,-0.686075797561756295,-0.686075797561756295,0.686075797561756295,0.686075797561756295,0.686075797561756295,-0.686075797561756295,0.000173409820471358
6,full_diag_l0,464,-0.686075797561756295,-0.686075797561756295,0.686075797561756295,0.686075797561756295,0.686075797561756295,-0.686075797561756295,-0.686075797561756295,0.686075797561756295,0.686075797561756295,0.686075797561756295,0.686075797561756295,0.000173409820471358
6,full_diag_l0,465,-0.686075797561756295,-0.686075797561756295,0.686075797561756295,0.686075797561756295,0.686075797561756295,-0.686075797561756295,0.686075797561756295,-0.686075797561756295,-0.686075797561756295,-0.686075797561756295,-0.686075797561756295,0.000173409820471358
6,full_diag_l0,466,-0.686075797561756295,-0.686075797561756295,0.686075797561756295,0.686075797561756295,0.686075797561756295,-0.686075797561756295,0.686075797561756295,-0.686075797561756295,-0.686075797561756295,-0.686075797561756295,0.686075797561756295,0.000173409820471358
6,full_diag_l0,467,-0.686075797561756295,-0.686075797561756295,0.686075797561756295,0.686075797561756295,0.686075797561756295,-0.686075797561756295,0.686075797561756295,-0.686075797561756295,-0.686075797561756295,0.686075797561756295,-0.686075797561756295,0.000173409820471358
6,full_diag_l0,468,-0.686075797561756295,-0.686075797561756295,0.686075797561756295,0.686075797561756295,0.686075797561756295,-0.686075797561756295,0.686075797561756295,-0.686075797561756295,-0.686075797561756295,0.686075797561756295,0.686075797561756295,0.000173409820471358
6,full_diag_l0,469,-0.686075797561756295,-0.686075797561756295,0.686075797561756295,0.686075797561756295,0.686075797561756295,-0.686075797561756295,0.686075797561756295,-0.686075797561756295,0.686075797561756295,-0.686075797561756295,-0.686075797561756295,0.000173409820471358
6,full_diag_l0,470,-0.686075797561756295,-0.686075797561756295,0.686075797561756295,0.686075797561756295,0.686075797561756295,-0.686075797561756295,0.686075797561756295,-0.686075797561756295,0.686075797561756295,-0.686075797561756295,0.686075797561756295,0.000173409820471358
6,full_diag_l0,471,-0.686075797561756295,-0.686075797561756295,0.686075797561756295,0.686075797561756295,0.686075797561756295,-0.686075797561756295,0.686075797561756295,-0.686075797561756295,0.686075797561756295,0.686075797561756295,-0.686075797561756295,0.000173409820471358
6,full_diag_l0,472,-0.686075797561756295,-0.686075797561756295,0.686075797561756295,0.686075797561756295,0.686075797561756295,-0.686075797561756295,0.686075797561756295,-0.686075797561756295,0.686075797561756295,0.686075797561756295,0.686075797561756295,0.000173409820471358
6,full_diag_l0,473,-0.686075797561756295,-0.686075797561756295,0.686075797561756295,0.686075797561756295,0.686075797561756295,-0.686075797561756295,0.686075797561756295,0.686075797561756295,-0.686075797561756295,-0.686075797561756295,-0.686075797561756295,0.000173409820471358
6,full_diag_l0,474,-0.686075797561756295,-0.686075797561756295,0.686075797561756295,0.686075797561756295,0.686075797561756295,-0.686075797561756295,0.686075797561756295,0.686075797561756295,-0.686075797561756295,-0.686075797561756295,0.686075797561756295,0.000173409820471358
6,full_diag_l0,475,-0.686075797561756295,-0.686075797561756295,0.686075797561756295,0.686075797561756295,0.686075797561756295,-0.686075797561756295,0.686075797561756295,0.686075797561756295,-0.686075797561756295,0.686075797561756295,-0.686075797561756295,0.000173409820471358
6,full_diag_l0,476,-0.686075797561756295,-0.686075797561756295,0.686075797561756295,0.686075797561756295,0.686075797561756295,-0.686075797561756295,0.686075797561756295,0.686075797561756295,-0.686075797561756295,0.686075797561756295,0.686075797561756295,0.000173409820471358
6,full_diag_l0,477,-0.686075797561756295,-0.686075797561756295,0.686075797561756295,0.686075797561756295,0.686075797561756295,-0.686075797561756295,0.686075797561756295,0.686075797561756295,0.686075797561756295,-0.686075797561756295,-0.686075797561756295,0.000173409820471358
6,full_diag_l0,478,-0.686075797561756295,-0.686075797561756295,0.686075797561756295,0.686075797561756295,0.686075797561756295,-0.686075797561756295,0.686075797561756295,0.686075797561756295,0.686075797561756295,-0.686075797561756295,0.686075797561756295,0.000173409820471358
6,full_diag_l0,479,-0.686075797561756295,-0.686075797561756295,0.686075797561756295,0.686075797561756295,0.686075797561756295,-0.686075797561756295,0.686075797561756295,0.686075797561756295,0.686075797561756295,0.686075797561756295,-0.686075797561756295,0.000173409820471358
6,full_diag_l0,480,-0.686075797561756295,-0.686075797561756295,0.686075797561756295,0.686075797561756295,0.686075797561756295,-0.686075797561756295,0.686075797561756295,0.686075797561756295,0.686075797561756295,0.686075797561756295,0.686075797561756295,0.000173409820471358
6,full_diag_l0,481,-0.686075797561756295,-0.686075797561756295,0.686075797561756295,0.686075797561756295,0.686075797561756295,0.686075797561756295,-0.686075797561756295,-0.686075797561756295,-0.686075797561756295,-0.686075797561756295,-0.686075797561756295,0.000173409820471358
6,full_diag_l0,482,-0.686075797561756295,-0.686075797561756295,0.686075797561756295,0.686075797561756295,0.686075797561756295,0.686075797561756295,-0.686075797561756295,-0.686075797561756295,-0.686075797561756295,-0.686075797561756295,0.686075797561756295,0.000173409820471358
6,full_diag_l0,483,-0.686075797561756295,-0.686075797561756295,0.686075797561756295,0.686075797561756295,0.686075797561756295,0.686075797561756295,-0.686075797561756295,-0.686075797561756295,-0.686075797561756295,0.686075797561756295,-0.686075797561756295,0.000173409820471358
6,full_diag_l0,484,-0.686075797561756295,-0.686075797561756295,0.686075797561756295,0.686075797561756295,0.686075797561756295,0.686075797561756295,-0.686075797561756295,-0.686075797561756295,-0.686075797561756295,0.686075797561756295,0.686075797561756295,0.000173409820471358
6,full_diag_l0,485,-0.686075797561756295,-0.686075797561756295,0.686075797561756295,0.686075797561756295,0.686075797561756295,0.686075797561756295,-0.686075797561756295,-0.686075797561756295,0.686075797561756295,-0.686075797561756295,-0.686075797561756295,0.000173409820471358
6,full_diag_l0,486,-0.686075797561756295,-0.686075797561756295,0.686075797561756295,0.686075797561756295,0.686075797561756295,0.686075797561756295,-0.686075797561756295,-0.686075797561756295,0.686075797561756295,-0.686075797561756295,0.686075797561756295,0.000173409820471358
6,full_diag_l0,487,-0.686075797561756295,-0.686075797561756295,0.686075797561756295,0.686075797561756295,0.686075797561756295,0.686075797561756295,-0.686075797561756295,-0.686075797561756295,0.686075797561756295,0.686075797561756295,-0.686075797561756295,0.000173409820471358
6,full_diag_l0,488,-0.686075797561756295,-0.686075797561756295,0.686075797561756295,0.686075797561756295,0.686075797561756295,0.686075797561756295,-0.686075797561756295,-0.686075797561756295,0.686075797561756295,0.686075797561756295,0.686075797561756295,0.000173409820471358
6,full_diag_l0,489,-0.686075797561756295,-0.686075797561756295,0.686075797561756295,0.686075797561756295,0.686075797561756295,0.686075797561756295,-0.686075797561756295,0.686075797561756295,-0.686075797561756295,-0.686075797561756295,-0.686075797561756295,0.000173409820471358
6,full_diag_l0,490,-0.686075797561756295,-0.686075797561756295,0.686075797561756295,0.686075797561756295,0.686075797561756295,0.686075797561756295,-0.686075797561756295,0.686075797561756295,-0.686075797561756295,-0.686075797561756295,0.686075797561756295,0.000173409820471358
6,full_diag_l0,491,-0.686075797561756295,-0.686075797561756295,0.686075797561756295,0.686075797561756295,0.686075797561756295,0.686075797561756295,-0.686075797561756295,0.686075797561756295,-0.686075797561756295,0.686075797561756295,-0.686075797561756295,0.000173409820471358
6,full_diag_l0,492,-0.686075797561756295,-0.686075797561756295,0.686075797561756295,0.686075797561756295,0.686075797561756295,0.686075797561756295,-0.686075797561756295,0.686075797561756295,-0.686075797561756295,0.686075797561756295,0.686075797561756295,0.000173409820471358
6,full_diag_l0,493,-0.686075797561756295,-0.686075797561756295,0.686075797561756295,0.686075797561756295,0.686075797561756295,0.686075797561756295,-0.686075797561756295,0.686075797561756295,0.686075797561756295,-0.686075797561756295,-0.686075797561756295,0.000173409820471358
6,full_diag_l0,494,-0.686075797561756295,-0.686075797561756295,0.686075797561756295,0.686075797561756295,0.686075797561756295,0.686075797561756295,-0.686075797561756295,0.686075797561756295,0.686075797561756295,-0.686075797561756295,0.686075797561756295,0.000173409820471358
6,full_diag_l0,495,-0.686075797561756295,-0.686075797561756295,0.686075797561756295,0.686075797561756295,0.686075797561756295,0.686075797561756295,-0.686075797561756295,0.686075797561756295,0.686075797561756295,0.686075797561756295,-0.686075797561756295,0.000173409820471358
6,full_diag_l0,496,-0.686075797561756295,-0.686075797561756295,0.686075797561756295,0.686075797561756295,0.686075797561756295,0.686075797561756295,-0.686075797561756295,0.686075797561756295,0.686075797561756295,0.686075797561756295,0.686075797561756295,0.000173409820471358
6,full_diag_l0,497,-0.686075797561756295,-0.686075797561756295,0.686075797561756295,0.686075797561756295,0.686075797561756295,0.686075797561756295,0.686075797561756295,-0.686075797561756295,-0.686075797561756295,-0.686075797561756295,-0.686075797561756295,0.000173409820471358
6,full_diag_l0,498,-0.686075797561756295,-0.686075797561756295,0.686075797561756295,0.686075797561756295,0.686075797561756295,0.686075797561756295,0.686075797561756295,-0.686075797561756295,-0.686075797561756295,-0.686075797561756295,0.686075797561756295,0.000173409820471358
6,full_diag_l0,499,-0.686075797561756295,-0.686075797561756295,0.686075797561756295,0.686075797561756295,0.686075797561756295,0.686075797561756295,0.686075797561756295,-0.686075797561756295,-0.686075797561756295,0.686075797561756295,-0.686075797561756295,0.000173409820471358
6,full_diag_l0,500,-0.686075797561756295,-0.686075797561756295,0.686075797561756295,0.686075797561756295,0.686075797561756295,0.686075797561756295,0.686075797561756295,-0.686075797561756295,-0.686075797561756295,0.686075797561756295,0.686075797561756295,0.000173409820471358
6,full_diag_l0,501,-0.686075797561756295,-0.686075797561756295,0.686075797561756295,0.686075797561756295,0.686075797561756295,0.686075797561756295,0.686075797561756295,-0.686075797561756295,0.686075797561756295,-0.686075797561756295,-0.686075797561756295,0.000173409820471358
6,full_diag_l0,502,-0.686075797561756295,-0.686075797561756295,0.686075797561756295,0.686075797561756295,0.686075797561756295,0.686075797561756295,0.686075797561756295,-0.686075797561756295,0.686075797561756295,-0.686075797561756295,0.686075797561756295,0.000173409820471358
6,full_diag_l0,503,-0.686075797561756295,-0.686075797561756295,0.686075797561756295,0.686075797561756295,0.686075797561756295,0.686075797561756295,0.686075797561756295,-0.686075797561756295,0.686075797561756295,0.686075797561756295,-0.686075797561756295,0.000173409820471358
6,full_diag_l0,504,-0.686075797561756295,-0.686075797561756295,0.686075797561756295,0.686075797561756295,0.686075797561756295,0.686075797561756295,0.686075797561756295,-0.686075797561756295,0.686075797561756295,0.686075797561756295,0.686075797561756295,0.000173409820471358
6,full_diag_l0,505,-0.686075797561756295,-0.686075797561756295,0.686075797561756295,0.686075797561756295,0.686075797561756295,0.686075797561756295,0.686075797561756295,0.686075797561756295,-0.686075797561756295,-0.686075797561756295,-0.686075797561756295,0.000173409820471358
6,full_diag_l0,506,-0.686075797561756295,-0.686075797561756295,0.686075797561756295,0.686075797561756295,0.686075797561756295,0.686075797561756295,0.686075797561756295,0.686075797561756295,-0.686075797561756295,-0.686075797561756295,0.686075797561756295,0.000173409820471358
6,full_diag_l0,507,-0.686075797561756295,-0.686075797561756295,0.686075797561756295,0.686075797561756295,0.686075797561756295,0.686075797561756295,0.686075797561756295,0.686075797561756295,-0.686075797561756295,0.686075797561756295,-0.686075797561756295,0.000173409820471358
6,full_diag_l0,508,-0.686075797561756295,-0.686075797561756295,0.686075797561756295,0.686075797561756295,0.686075797561756295,0.686075797561756295,0.686075797561756295,0.686075797561756295,-0.686075797561756295,0.686075797561756295,0.686075797561756295,0.000173409820471358
6,full_diag_l0,509,-0.686075797561756295,-0.686075797561756295,0.686075797561756295,0.686075797561756295,0.686075797561756295,0.686075797561756295,0.686075797561756295,0.686075797561756295,0.686075797561756295,-0.686075797561756295,-0.686075797561756295,0.000173409820471358
6,full_diag_l0,510,-0.686075797561756295,-0.686075797561756295,0.686075797561756295,0.686075797561756295,0.686075797561756295,0.686075797561756295,0.686075797561756295,0.686075797561756295,0.686075797561756295,-0.686075797561756295,0.686075797561756295,0.000173409820471358
6,full_diag_l0,511,-0.686075797561756295,-0.686075797561756295,0.686075797561756295,0.686075797561756295,0.686075797561756295,0.686075797561756295,0.686075797561756295,0.686075797561756295,0.686075797561756295,0.686075797561756295,-0.686075797561756295,0.000173409820471358
6,full_diag_l0,512,-0.686075797561756295,-0.686075797561756295,0.686075797561756295,0.686075797561756295,0.686075797561756295,0.686075797561756295,0.686075797561756295,0.686075797561756295,0.686075797561756295,0.686075797561756295,0.686075797561756295,0.000173409820471358
6,full_diag_l0,513,-0.686075797561756295,0.686075797561756295,-0.686075797561756295,-0.686075797561756295,-0.686075797561756295,-0.686075797561756295,-0.686075797561756295,-0.686075797561756295,-0.686075797561756295,-0.686075797561756295,-0.686075797561756295,0.000173409820471358
6,full_diag_l0,514,-0.686075797561756295,0.686075797561756295,-0.686075797561756295,-0.686075797561756295,-0.686075797561756295,-0.686075797561756295,-0.686075797561756295,-0.686075797561756295,-0.686075797561756295,-0.686075797561756295,0.686075797561756295,0.000173409820471358
6,full_diag_l0,515,-0.686075797561756295,0.686075797561756295,-0.686075797561756295,-0.686075797561756295,-0.686075797561756295,-0.686075797561756295,-0.686075797561756295,-0.686075797561756295,-0.686075797561756295,0.686075797561756295,-0.686075797561756295,0.000173409820471358
6,full_diag_l0,516,-0.686075797561756295,0.686075797561756295,-0.686075797561756295,-0.686075797561756295,-0.686075797561756295,-0.686075797561756295,-0.686075797561756295,-0.686075797561756295,-0.686075797561756295,0.686075797561756295,0.686075797561756295,0.000173409820471358
6,full_diag_l0,517,-0.686075797561756295,0.686075797561756295,-0.686075797561756295,-0.686075797561756295,-0.686075797561756295,-0.686075797561756295,-0.686075797561756295,-0.686075797561756295,0.686075797561756295,-0.686075797561756295,-0.686075797561756295,0.000173409820471358
6,full_diag_l0,518,-0.686075797561756295,0.686075797561756295,-0.686075797561756295,-0.686075797561756295,-0.686075797561756295,-0.686075797561756295,-0.686075797561756295,-0.686075797561756295,0.686075797561756295,-0.686075797561756295,0.686075797561756295,0.000173409820471358
6,full_diag_l0,519,-0.686075797561756295,0.686075797561756295,-0.686075797561756295,-0.686075797561756295,-0.686075797561756295,-0.686075797561756295,-0.686075797561756295,-0.686075797561756295,0.686075797561756295,0.686075797561756295,-0.686075797561756295,0.000173409820471358
6,full_diag_l0,520,-0.686075797561756295,0.686075797561756295,-0.686075797561756295,-0.686075797561756295,-0.686075797561756295,-0.686075797561756295,-0.686075797561756295,-0.686075797561756295,0.686075797561756295,0.686075797561756295,0.686075797561756295,0.000173409820471358
6,full_diag_l0,521,-0.686075797561756295,0.686075797561756295,-0.686075797561756295,-0.686075797561756295,-0.686075797561756295,-0.686075797561756295,-0.686075797561756295,0.686075797561756295,-0.686075797561756295,-0.686075797561756295,-0.686075797561756295,0.000173409820471358
6,full_diag_l0,522,-0.686075797561756295,0.686075797561756295,-0.686075797561756295,-0.686075797561756295,-0.686075797561756295,-0.686075797561756295,-0.686075797561756295,0.686075797561756295,-0.686075797561756295,-0.686075797561756295,0.686075797561756295,0.000173409820471358
6,full_diag_l0,523,-0.686075797561756295,0.686075797561756295,-0.686075797561756295,-0.686075797561756295,-0.686075797561756295,-0.686075797561756295,-0.686075797561756295,0.686075797561756295,-0.686075797561756295,0.686075797561756295,-0.686075797561756295,0.000173409820471358
6,full_diag_l0,524,-0.686075797561756295,0.686075797561756295,-0.686075797561756295,-0.686075797561756295,-0.686075797561756295,-0.686075797561756295,-0.686075797561756295,0.686075797561756295,-0.686075797561756295,0.686075797561756295,0.686075797561756295,0.000173409820471358
6,full_diag_l0,525,-0.686075797561756295,0.686075797561756295,-0.686075797561756295,-0.686075797561756295,-0.686075797561756295,-0.686075797561756295,-0.686075797561756295,0.686075797561756295,0.686075797561756295,-0.686075797561756295,-0.686075797561756295,0.000173409820471358
6,full_diag_l0,526,-0.686075797561756295,0.686075797561756295,-0.686075797561756295,-0.686075797561756295,-0.686075797561756295,-0.686075797561756295,-0.686075797561756295,0.686075797561756295,0.686075797561756295,-0.686075797561756295,0.686075797561756295,0.000173409820471358
6,full_diag_l0,527,-0.686075797561756295,0.686075797561756295,-0.686075797561756295,-0.686075797561756295,-0.686075797561756295,-0.686075797561756295,-0.686075797561756295,0.686075797561756295,0.686075797561756295,0.686075797561756295,-0.686075797561756295,0.000173409820471358
6,full_diag_l0,528,-0.686075797561756295,0.686075797561756295,-0.686075797561756295,-0.686075797561756295,-0.686075797561756295,-0.686075797561756295,-0.686075797561756295,0.686075797561756295,0.686075797561756295,0.686075797561756295,0.686075797561756295,0.000173409820471358
6,full_diag_l0,529,-0.686075797561756295,0.686075797561756295,-0.686075797561756295,-0.686075797561756295,-0.686075797561756295,-0.686075797561756295,0.686075797561756295,-0.686075797561756295,-0.686075797561756295,-0.686075797561756295,-0.686075797561756295,0.000173409820471358
6,full_diag_l0,530,-0.686075797561756295,0.686075797561756295,-0.686075797561756295,-0.686075797561756295,-0.686075797561756295,-0.686075797561756295,0.686075797561756295,-0.686075797561756295,-0.686075797561756295,-0.686075797561756295,0.686075797561756295,0.000173409820471358
6,full_diag_l0,531,-0.686075797561756295,0.686075797561756295,-0.686075797561756295,-0.686075797561756295,-0.686075797561756295,-0.686075797561756295,0.686075797561756295,-0.686075797561756295,-0.686075797561756295,0.686075797561756295,-0.686075797561756295,0.000173409820471358
6,full_diag_l0,532,-0.686075797561756295,0.686075797561756295,-0.686075797561756295,-0.686075797561756295,-0.686075797561756295,-0.686075797561756295,0.686075797561756295,-0.686075797561756295,-0.686075797561756295,0.686075797561756295,0.686075797561756295,0.000173409820471358
6,full_diag_l0,533,-0.686075797561756295,0.686075797561756295,-0.686075797561756295,-0.686075797561756295,-0.686075797561756295,-0.686075797561756295,0.686075797561756295,-0.686075797561756295,0.686075797561756295,-0.686075797561756295,-0.686075797561756295,0.000173409820471358
6,full_diag_l0,534,-0.686075797561756295,0.686075797561756295,-0.686075797561756295,-0.686075797561756295,-0.686075797561756295,-0.686075797561756295,0.686075797561756295,-0.686075797561756295,0.686075797561756295,-0.686075797561756295,0.686075797561756295,0.000173409820471358
6,full_diag_l0,535,-0.686075797561756295,0.686075797561756295,-0.686075797561756295,-0.686075797561756295,-0.686075797561756295,-0.686075797561756295,0.686075797561756295,-0.686075797561756295,0.686075797561756295,0.686075797561756295,-0.686075797561756295,0.000173409820471358
6,full_diag_l0,536,-0.686075797561756295,0.686075797561756295,-0.686075797561756295,-0.686075797561756295,-0.686075797561756295,-0.686075797561756295,0.686075797561756295,-0.686075797561756295,0.686075797561756295,0.686075797561756295,0.686075797561756295,0.000173409820471358
6,full_diag_l0,537,-0.686075797561756295,0.686075797561756295,-0.686075797561756295,-0.686075797561756295,-0.686075797561756295,-0.686075797561756295,0.686075797561756295,0.686075797561756295,-0.686075797561756295,-0.686075797561756295,-0.686075797561756295,0.000173409820471358
6,full_diag_l0,538,-0.686075797561756295,0.686075797561756295,-0.686075797561756295,-0.686075797561756295,-0.686075797561756295,-0.686075797561756295,0.686075797561756295,0.686075797561756295,-0.686075797561756295,-0.686075797561756295,0.686075797561756295,0.000173409820471358
6,full_diag_l0,539,-0.686075797561756295,0.686075797561756295,-0.686075797561756295,-0.686075797561756295,-0.686075797561756295,-0.686075797561756295,0.686075797561756295,0.686075797561756295,-0.686075797561756295,0.686075797561756295,-0.686075797561756295,0.000173409820471358
6,full_diag_l0,540,-0.686075797561756295,0.686075797561756295,-0.686075797561756295,-0.686075797561756295,-0.686075797561756295,-0.686075797561756295,0.686075797561756295,0.686075797561756295,-0.686075797561756295,0.686075797561756295,0.686075797561756295,0.000173409820471358
6,full_diag_l0,541,-0.686075797561756295,0.686075797561756295,-0.686075797561756295,-0.686075797561756295,-0.686075797561756295,-0.686075797561756295,0.686075797561756295,0.686075797561756295,0.686075797561756295,-0.686075797561756295,-0.686075797561756295,0.000173409820471358
6,full_diag_l0,542,-0.686075797561756295,0.686075797561756295,-0.686075797561756295,-0.686075797561756295,-0.686075797561756295,-0.686075797561756295,0.686075797561756295,0.686075797561756295,0.686075797561756295,-0.686075797561756295,0.686075797561756295,0.000173409820471358
6,full_diag_l0,543,-0.686075797561756295,0.686075797561756295,-0.686075797561756295,-0.686075797561756295,-0.686075797561756295,-0.686075797561756295,0.686075797561756295,0.686075797561756295,0.686075797561756295,0.686075797561756295,-0.686075797561756295,0.000173409820471358
6,full_diag_l0,544,-0.686075797561756295,0.686075797561756295,-0.686075797561756295,-0.686075797561756295,-0.686075797561756295,-0.686075797561756295,0.686075797561756295,0.686075797561756295,0.686075797561756295,0.686075797561756295,0.686075797561756295,0.000173409820471358
6,full_diag_l0,545,-0.686075797561756295,0.686075797561756295,-0.686075797561756295,-0.686075797561756295,-0.686075797561756295,0.686075797561756295,-0.686075797561756295,-0.686075797561756295,-0.686075797561756295,-0.686075797561756295,-0.686075797561756295,0.000173409820471358
6,full_diag_l0,546,-0.686075797561756295,0.686075797561756295,-0.686075797561756295,-0.686075797561756295,-0.686075797561756295,0.686075797561756295,-0.686075797561756295,-0.686075797561756295,-0.686075797561756295,-0.686075797561756295,0.686075797561756295,0.000173409820471358
6,full_diag_l0,547,-0.686075797561756295,0.686075797561756295,-0.686075797561756295,-0.686075797561756295,-0.686075797561756295,0.686075797561756295,-0.686075797561756295,-0.686075797561756295,-0.686075797561756295,0.686075797561756295,-0.686075797561756295,0.000173409820471358
6,full_diag_l0,548,-0.686075797561756295,0.686075797561756295,-0.686075797561756295,-0.686075797561756295,-0.686075797561756295,0.686075797561756295,-0.686075797561756295,-0.686075797561756295,-0.686075797561756295,0.686075797561756295,0.686075797561756295,0.000173409820471358
6,full_diag_l0,549,-0.686075797561756295,0.686075797561756295,-0.686075797561756295,-0.686075797561756295,-0.686075797561756295,0.686075797561756295,-0.686075797561756295,-0.686075797561756295,0.686075797561756295,-0.686075797561756295,-0.686075797561756295,0.000173409820471358
6,full_diag_l0,550,-0.686075797561756295,0.686075797561756295,-0.686075797561756295,-0.686075797561756295,-0.686075797561756295,0.686075797561756295,-0.686075797561756295,-0.686075797561756295,0.686075797561756295,-0.686075797561756295,0.686075797561756295,0.000173409820471358
6,full_diag_l0,551,-0.686075797561756295,0.686075797561756295,-0.686075797561756295,-0.686075797561756295,-0.686075797561756295,0.686075797561756295,-0.686075797561756295,-0.686075797561756295,0.686075797561756295,0.686075797561756295,-0.686075797561756295,0.000173409820471358
6,full_diag_l0,552,-0.686075797561756295,0.686075797561756295,-0.686075797561756295,-0.686075797561756295,-0.686075797561756295,0.686075797561756295,-0.686075797561756295,-0.686075797561756295,0.686075797561756295,0.686075797561756295,0.686075797561756295,0.000173409820471358
6,full_diag_l0,553,-0.686075797561756295,0.686075797561756295,-0.686075797561756295,-0.686075797561756295,-0.686075797561756295,0.686075797561756295,-0.686075797561756295,0.686075797561756295,-0.686075797561756295,-0.686075797561756295,-0.686075797561756295,0.000173409820471358
6,full_diag_l0,554,-0.686075797561756295,0.686075797561756295,-0.686075797561756295,-0.686075797561756295,-0.686075797561756295,0.686075797561756295,-0.686075797561756295,0.686075797561756295,-0.686075797561756295,-0.686075797561756295,0.686075797561756295,0.000173409820471358
6,full_diag_l0,555,-0.686075797561756295,0.686075797561756295,-0.686075797561756295,-0.686075797561756295,-0.686075797561756295,0.686075797561756295,-0.686075797561756295,0.686075797561756295,-0.686075797561756295,0.686075797561756295,-0.686075797561756295,0.000173409820471358
6,full_diag_l0,556,-0.686075797561756295,0.686075797561756295,-0.686075797561756295,-0.686075797561756295,-0.686075797561756295,0.686075797561756295,-0.686075797561756295,0.686075797561756295,-0.686075797561756295,0.686075797561756295,0.686075797561756295,0.000173409820471358
6,full_diag_l0,557,-0.686075797561756295,0.686075797561756295,-0.686075797561756295,-0.686075797561756295,-0.686075797561756295,0.686075797561756295,-0.686075797561756295,0.686075797561756295,0.686075797561756295,-0.686075797561756295,-0.686075797561756295,0.000173409820471358
6,full_diag_l0,558,-0.686075797561756295,0.686075797561756295,-0.686075797561756295,-0.686075797561756295,-0.686075797561756295,0.686075797561756295,-0.686075797561756295,0.686075797561756295,0.686075797561756295,-0.686075797561756295,0.686075797561756295,0.000173409820471358
6,full_diag_l0,559,-0.686075797561756295,0.686075797561756295,-0.686075797561756295,-0.686075797561756295,-0.686075797561756295,0.686075797561756295,-0.686075797561756295,0.686075797561756295,0.686075797561756295,0.686075797561756295,-0.686075797561756295,0.000173409820471358
6,full_diag_l0,560,-0.686075797561756295,0.686075797561756295,-0.686075797561756295,-0.686075797561756295,-0.686075797561756295,0.686075797561756295,-0.686075797561756295,0.686075797561756295,0.686075797561756295,0.686075797561756295,0.686075797561756295,0.000173409820471358
6,full_diag_l0,561,-0.686075797561756295,0.686075797561756295,-0.686075797561756295,-0.686075797561756295,-0.686075797561756295,0.686075797561756295,0.686075797561756295,-0.686075797561756295,-0.686075797561756295,-0.686075797561756295,-0.686075797561756295,0.000173409820471358
6,full_diag_l0,562,-0.686075797561756295,0.686075797561756295,-0.686075797561756295,-0.686075797561756295,-0.686075797561756295,0.686075797561756295,0.686075797561756295,-0.686075797561756295,-0.686075797561756295,-0.686075797561756295,0.686075797561756295,0.000173409820471358
6,full_diag_l0,563,-0.686075797561756295,0.686075797561756295,-0.686075797561756295,-0.686075797561756295,-0.686075797561756295,0.686075797561756295,0.686075797561756295,-0.686075797561756295,-0.686075797561756295,0.686075797561756295,-0.686075797561756295,0.000173409820471358
6,full_diag_l0,564,-0.686075797561756295,0.686075797561756295,-0.686075797561756295,-0.686075797561756295,-0.686075797561756295,0.686075797561756295,0.686075797561756295,-0.686075797561756295,-0.686075797561756295,0.686075797561756295,0.686075797561756295,0.000173409820471358
6,full_diag_l0,565,-0.686075797561756295,0.686075797561756295,-0.686075797561756295,-0.686075797561756295,-0.686075797561756295,0.686075797561756295,0.686075797561756295,-0.686075797561756295,0.686075797561756295,-0.686075797561756295,-0.686075797561756295,0.000173409820471358
6,full_diag_l0,566,-0.686075797561756295,0.686075797561756295,-0.686075797561756295,-0.686075797561756295,-0.686075797561756295,0.686075797561756295,0.686075797561756295,-0.686075797561756295,0.686075797561756295,-0.686075797561756295,0.686075797561756295,0.000173409820471358
6,full_diag_l0,567,-0.686075797561756295,0.686075797561756295,-0.686075797561756295,-0.686075797561756295,-0.686075797561756295,0.686075797561756295,0.686075797561756295,-0.686075797561756295,0.686075797561756295,0.686075797561756295,-0.686075797561756295,0.000173409820471358
6,full_diag_l0,568,-0.686075797561756295,0.686075797561756295,-0.686075797561756295,-0.686075797561756295,-0.686075797561756295,0.686075797561756295,0.686075797561756295,-0.686075797561756295,0.686075797561756295,0.686075797561756295,0.686075797561756295,0.000173409820471358
6,full_diag_l0,569,-0.686075797561756295,0.686075797561756295,-0.686075797561756295,-0.686075797561756295,-0.686075797561756295,0.686075797561756295,0.686075797561756295,0.686075797561756295,-0.686075797561756295,-0.686075797561756295,-0.686075797561756295,0.000173409820471358
6,full_diag_l0,570,-0.686075797561756295,0.686075797561756295,-0.686075797561756295,-0.686075797561756295,-0.686075797561756295,0.686075797561756295,0.686075797561756295,0.686075797561756295,-0.686075797561756295,-0.686075797561756295,0.686075797561756295,0.000173409820471358
6,full_diag_l0,571,-0.686075797561756295,0.686075797561756295,-0.686075797561756295,-0.686075797561756295,-0.686075797561756295,0.686075797561756295,0.686075797561756295,0.686075797561756295,-0.686075797561756295,0.686075797561756295,-0.686075797561756295,0.000173409820471358
6,full_diag_l0,572,-0.686075797561756295,0.686075797561756295,-0.686075797561756295,-0.686075797561756295,-0.686075797561756295,0.686075797561756295,0.686075797561756295,0.686075797561756295,-0.686075797561756295,0.686075797561756295,0.686075797561756295,0.000173409820471358
6,full_diag_l0,573,-0.686075797561756295,0.686075797561756295,-0.686075797561756295,-0.686075797561756295,-0.686075797561756295,0.686075797561756295,0.686075797561756295,0.686075797561756295,0.686075797561756295,-0.686075797561756295,-0.686075797561756295,0.000173409820471358
6,full_diag_l0,574,-0.686075797561756295,0.686075797561756295,-0.686075797561756295,-0.686075797561756295,-0.686075797561756295,0.686075797561756295,0.686075797561756295,0.686075797561756295,0.686075797561756295,-0.686075797561756295,0.686075797561756295,0.000173409820471358
6,full_diag_l0,575,-0.686075797561756295,0.686075797561756295,-0.686075797561756295,-0.686075797561756295,-0.686075797561756295,0.686075797561756295,0.686075797561756295,0.686075797561756295,0.686075797561756295,0.686075797561756295,-0.686075797561756295,0.000173409820471358
6,full_diag_l0,576,-0.686075797561756295,0.686075797561756295,-0.686075797561756295,-0.686075797561756295,-0.686075797561756295,0.686075797561756295,0.686075797561756295,0.686075797561756295,0.686075797561756295,0.686075797561756295,0.686075797561756295,0.000173409820471358
6,full_diag_l0,577,-0.686075797561756295,0.686075797561756295,-0.686075797561756295,-0.686075797561756295,0.686075797561756295,-0.686075797561756295,-0.686075797561756295,-0.686075797561756295,-0.686075797561756295,-0.686075797561756295,-0.686075797561756295,0.000173409820471358
6,full_diag_l0,578,-0.686075797561756295,0.686075797561756295,-0.686075797561756295,-0.686075797561756295,0.686075797561756295,-0.686075797561756295,-0.686075797561756295,-0.686075797561756295,-0.686075797561756295,-0.686075797561756295,0.686075797561756295,0.000173409820471358
6,full_diag_l0,579,-0.686075797561756295,0.686075797561756295,-0.686075797561756295,-0.686075797561756295,0.686075797561756295,-0.686075797561756295,-0.686075797561756295,-0.686075797561756295,-0.686075797561756295,0.686075797561756295,-0.686075797561756295,0.000173409820471358
6,full_diag_l0,580,-0.686075797561756295,0.686075797561756295,-0.686075797561756295,-0.686075797561756295,0.686075797561756295,-0.686075797561756295,-0.686075797561756295,-0.686075797561756295,-0.686075797561756295,0.686075797561756295,0.686075797561756295,0.000173409820471358
6,full_diag_l0,581,-0.686075797561756295,0.686075797561756295,-0.686075797561756295,-0.686075797561756295,0.686075797561756295,-0.686075797561756295,-0.686075797561756295,-0.686075797561756295,0.686075797561756295,-0.686075797561756295,-0.686075797561756295,0.000173409820471358
6,full_diag_l0,582,-0.686075797561756295,0.686075797561756295,-0.686075797561756295,-0.686075797561756295,0.686075797561756295,-0.686075797561756295,-0.686075797561756295,-0.686075797561756295,0.686075797561756295,-0.686075797561756295,0.686075797561756295,0.000173409820471358
6,full_diag_l0,583,-0.686075797561756295,0.686075797561756295,-0.686075797561756295,-0.686075797561756295,0.686075797561756295,-0.686075797561756295,-0.686075797561756295,-0.686075797561756295,0.686075797561756295,0.686075797561756295,-0.686075797561756295,0.000173409820471358
6,full_diag_l0,584,-0.686075797561756295,0.686075797561756295,-0.686075797561756295,-0.686075797561756295,0.686075797561756295,-0.686075797561756295,-0.686075797561756295,-0.686075797561756295,0.686075797561756295,0.686075797561756295,0.686075797561756295,0.000173409820471358
6,full_diag_l0,585,-0.686075797561756295,0.686075797561756295,-0.686075797561756295,-0.686075797561756295,0.686075797561756295,-0.686075797561756295,-0.686075797561756295,0.686075797561756295,-0.686075797561756295,-0.686075797561756295,-0.686075797561756295,0.000173409820471358
6,full_diag_l0,586,-0.686075797561756295,0.686075797561756295,-0.686075797561756295,-0.686075797561756295,0.686075797561756295,-0.686075797561756295,-0.686075797561756295,0.686075797561756295,-0.686075797561756295,-0.686075797561756295,0.686075797561756295,0.000173409820471358
6,full_diag_l0,587,-0.686075797561756295,0.686075797561756295,-0.686075797561756295,-0.686075797561756295,0.686075797561756295,-0.686075797561756295,-0.686075797561756295,0.686075797561756295,-0.686075797561756295,0.686075797561756295,-0.686075797561756295,0.000173409820471358
6,full_diag_l0,588,-0.686075797561756295,0.686075797561756295,-0.686075797561756295,-0.686075797561756295,0.686075797561756295,-0.686075797561756295,-0.686075797561756295,0.686075797561756295,-0.686075797561756295,0.686075797561756295,0.686075797561756295,0.000173409820471358
6,full_diag_l0,589,-0.686075797561756295,0.686075797561756295,-0.686075797561756295,-0.686075797561756295,0.686075797561756295,-0.686075797561756295,-0.686075797561756295,0.686075797561756295,0.686075797561756295,-0.686075797561756295,-0.686075797561756295,0.000173409820471358
6,full_diag_l0,590,-0.686075797561756295,0.686075797561756295,-0.686075797561756295,-0.686075797561756295,0.686075797561756295,-0.686075797561756295,-0.686075797561756295,0.686075797561756295,0.686075797561756295,-0.686075797561756295,0.686075797561756295,0.000173409820471358
6,full_diag_l0,591,-0.686075797561756295,0.686075797561756295,-0.686075797561756295,-0.686075797561756295,0.686075797561756295,-0.686075797561756295,-0.686075797561756295,0.686075797561756295,0.686075797561756295,0.686075797561756295,-0.686075797561756295,0.000173409820471358
6,full_diag_l0,592,-0.686075797561756295,0.686075797561756295,-0.686075797561756295,-0.686075797561756295,0.686075797561756295,-0.686075797561756295,-0.686075797561756295,0.686075797561756295,0.686075797561756295,0.686075797561756295,0.686075797561756295,0.000173409820471358
6,full_diag_l0,593,-0.686075797561756295,0.686075797561756295,-0.686075797561756295,-0.686075797561756295,0.686075797561756295,-0.686075797561756295,0.686075797561756295,-0.686075797561756295,-0.686075797561756295,-0.686075797561756295,-0.686075797561756295,0.000173409820471358
6,full_diag_l0,594,-0.686075797561756295,0.686075797561756295,-0.686075797561756295,-0.686075797561756295,0.686075797561756295,-0.686075797561756295,0.686075797561756295,-0.686075797561756295,-0.686075797561756295,-0.686075797561756295,0.686075797561756295,0.000173409820471358
6,full_diag_l0,595,-0.686075797561756295,0.686075797561756295,-0.686075797561756295,-0.686075797561756295,0.686075797561756295,-0.686075797561756295,0.686075797561756295,-0.686075797561756295,-0.686075797561756295,0.686075797561756295,-0.686075797561756295,0.000173409820471358
6,full_diag_l0,596,-0.686075797561756295,0.686075797561756295,-0.686075797561756295,-0.686075797561756295,0.686075797561756295,-0.686075797561756295,0.686075797561756295,-0.686075797561756295,-0.686075797561756295,0.686075797561756295,0.686075797561756295,0.000173409820471358
6,full_diag_l0,597,-0.686075797561756295,0.686075797561756295,-0.686075797561756295,-0.686075797561756295,0.686075797561756295,-0.686075797561756295,0.686075797561756295,-0.686075797561756295,0.686075797561756295,-0.686075797561756295,-0.686075797561756295,0.000173409820471358
6,full_diag_l0,598,-0.686075797561756295,0.686075797561756295,-0.686075797561756295,-0.686075797561756295,0.686075797561756295,-0.686075797561756295,0.686075797561756295,-0.686075797561756295,0.686075797561756295,-0.686075797561756295,0.686075797561756295,0.000173409820471358
6,full_diag_l0,599,-0.686075797561756295,0.686075797561756295,-0.686075797561756295,-0.686075797561756295,0.686075797561756295,-0.686075797561756295,0.686075797561756295,-0.686075797561756295,0.686075797561756295,0.686075797561756295,-0.686075797561756295,0.000173409820471358
6,full_diag_l0,600,-0.686075797561756295,0.686075797561756295,-0.686075797561756295,-0.686075797561756295,0.686075797561756295,-0.686075797561756295,0.686075797561756295,-0.686075797561756295,0.686075797561756295,0.686075797561756295,0.686075797561756295,0.000173409820471358
6,full_diag_l0,601,-0.686075797561756295,0.686075797561756295,-0.686075797561756295,-0.686075797561756295,0.686075797561756295,-0.686075797561756295,0.686075797561756295,0.686075797561756295,-0.686075797561756295,-0.686075797561756295,-0.686075797561756295,0.000173409820471358
6,full_diag_l0,602,-0.686075797561756295,0.686075797561756295,-0.686075797561756295,-0.686075797561756295,0.686075797561756295,-0.686075797561756295,0.686075797561756295,0.686075797561756295,-0.686075797561756295,-0.686075797561756295,0.686075797561756295,0.000173409820471358
6,full_diag_l0,603,-0.686075797561756295,0.686075797561756295,-0.686075797561756295,-0.686075797561756295,0.686075797561756295,-0.686075797561756295,0.686075797561756295,0.686075797561756295,-0.686075797561756295,0.686075797561756295,-0.686075797561756295,0.000173409820471358
6,full_diag_l0,604,-0.686075797561756295,0.686075797561756295,-0.686075797561756295,-0.686075797561756295,0.686075797561756295,-0.686075797561756295,0.686075797561756295,0.686075797561756295,-0.686075797561756295,0.686075797561756295,0.686075797561756295,0.000173409820471358
6,full_diag_l0,605,-0.686075797561756295,0.686075797561756295,-0.686075797561756295,-0.686075797561756295,0.686075797561756295,-0.686075797561756295,0.686075797561756295,0.686075797561756295,0.686075797561756295,-0.686075797561756295,-0.686075797561756295,0.000173409820471358
6,full_diag_l0,606,-0.686075797561756295,0.686075797561756295,-0.686075797561756295,-0.686075797561756295,0.686075797561756295,-0.686075797561756295,0.686075797561756295,0.686075797561756295,0.686075797561756295,-0.686075797561756295,0.686075797561756295,0.000173409820471358
6,full_diag_l0,607,-0.686075797561756295,0.686075797561756295,-0.686075797561756295,-0.686075797561756295,0.686075797561756295,-0.686075797561756295,0.686075797561756295,0.686075797561756295,0.686075797561756295,0.686075797561756295,-0.686075797561756295,0.000173409820471358
6,full_diag_l0,608,-0.686075797561756295,0.686075797561756295,-0.686075797561756295,-0.686075797561756295,0.686075797561756295,-0.686075797561756295,0.686075797561756295,0.686075797561756295,0.686075797561756295,0.686075797561756295,0.686075797561756295,0.000173409820471358
6,full_diag_l0,609,-0.686075797561756295,0.686075797561756295,-0.686075797561756295,-0.686075797561756295,0.686075797561756295,0.686075797561756295,-0.686075797561756295,-0.686075797561756295,-0.686075797561756295,-0.686075797561756295,-0.686075797561756295,0.000173409820471358
6,full_diag_l0,610,-0.686075797561756295,0.686075797561756295,-0.686075797561756295,-0.686075797561756295,0.686075797561756295,0.686075797561756295,-0.686075797561756295,-0.686075797561756295,-0.686075797561756295,-0.686075797561756295,0.686075797561756295,0.000173409820471358
6,full_diag_l0,611,-0.686075797561756295,0.686075797561756295,-0.686075797561756295,-0.686075797561756295,0.686075797561756295,0.686075797561756295,-0.686075797561756295,-0.686075797561756295,-0.686075797561756295,0.686075797561756295,-0.686075797561756295,0.000173409820471358
6,full_diag_l0,612,-0.686075797561756295,0.686075797561756295,-0.686075797561756295,-0.686075797561756295,0.686075797561756295,0.686075797561756295,-0.686075797561756295,-0.686075797561756295,-0.686075797561756295,0.686075797561756295,0.686075797561756295,0.000173409820471358
6,full_diag_l0,613,-0.686075797561756295,0.686075797561756295,-0.686075797561756295,-0.686075797561756295,0.686075797561756295,0.686075797561756295,-0.686075797561756295,-0.686075797561756295,0.686075797561756295,-0.686075797561756295,-0.686075797561756295,0.000173409820471358
6,full_diag_l0,614,-0.686075797561756295,0.686075797561756295,-0.686075797561756295,-0.686075797561756295,0.686075797561756295,0.686075797561756295,-0.686075797561756295,-0.686075797561756295,0.686075797561756295,-0.686075797561756295,0.686075797561756295,0.000173409820471358
6,full_diag_l0,615,-0.686075797561756295,0.686075797561756295,-0.686075797561756295,-0.686075797561756295,0.686075797561756295,0.686075797561756295,-0.686075797561756295,-0.686075797561756295,0.686075797561756295,0.686075797561756295,-0.686075797561756295,0.000173409820471358
6,full_diag_l0,616,-0.686075797561756295,0.686075797561756295,-0.686075797561756295,-0.686075797561756295,0.686075797561756295,0.686075797561756295,-0.686075797561756295,-0.686075797561756295,0.686075797561756295,0.686075797561756295,0.686075797561756295,0.000173409820471358
6,full_diag_l0,617,-0.686075797561756295,0.686075797561756295,-0.686075797561756295,-0.686075797561756295,0.686075797561756295,0.686075797561756295,-0.686075797561756295,0.686075797561756295,-0.686075797561756295,-0.686075797561756295,-0.686075797561756295,0.000173409820471358
6,full_diag_l0,618,-0.686075797561756295,0.686075797561756295,-0.686075797561756295,-0.686075797561756295,0.686075797561756295,0.686075797561756295,-0.686075797561756295,0.686075797561756295,-0.686075797561756295,-0.686075797561756295,0.686075797561756295,0.000173409820471358
6,full_diag_l0,619,-0.686075797561756295,0.686075797561756295,-0.686075797561756295,-0.686075797561756295,0.686075797561756295,0.686075797561756295,-0.686075797561756295,0.686075797561756295,-0.686075797561756295,0.686075797561756295,-0.686075797561756295,0.000173409820471358
6,full_diag_l0,620,-0.686075797561756295,0.686075797561756295,-0.686075797561756295,-0.686075797561756295,0.686075797561756295,0.686075797561756295,-0.686075797561756295,0.686075797561756295,-0.686075797561756295,0.686075797561756295,0.686075797561756295,0.000173409820471358
6,full_diag_l0,621,-0.686075797561756295,0.686075797561756295,-0.686075797561756295,-0.686075797561756295,0.686075797561756295,0.686075797561756295,-0.686075797561756295,0.686075797561756295,0.686075797561756295,-0.686075797561756295,-0.686075797561756295,0.000173409820471358
6,full_diag_l0,622,-0.686075797561756295,0.686075797561756295,-0.686075797561756295,-0.686075797561756295,0.686075797561756295,0.686075797561756295,-0.686075797561756295,0.686075797561756295,0.686075797561756295,-0.686075797561756295,0.686075797561756295,0.000173409820471358
6,full_diag_l0,623,-0.686075797561756295,0.686075797561756295,-0.686075797561756295,-0.686075797561756295,0.686075797561756295,0.686075797561756295,-0.686075797561756295,0.686075797561756295,0.686075797561756295,0.686075797561756295,-0.686075797561756295,0.000173409820471358
6,full_diag_l0,624,-0.686075797561756295,0.686075797561756295,-0.686075797561756295,-0.686075797561756295,0.686075797561756295,0.686075797561756295,-0.686075797561756295,0.686075797561756295,0.686075797561756295,0.686075797561756295,0.686075797561756295,0.000173409820471358
6,full_diag_l0,625,-0.686075797561756295,0.686075797561756295,-0.686075797561756295,-0.686075797561756295,0.686075797561756295,0.686075797561756295,0.686075797561756295,-0.686075797561756295,-0.686075797561756295,-0.686075797561756295,-0.686075797561756295,0.000173409820471358
6,full_diag_l0,626,-0.686075797561756295,0.686075797561756295,-0.686075797561756295,-0.686075797561756295,0.686075797561756295,0.686075797561756295,0.686075797561756295,-0.686075797561756295,-0.686075797561756295,-0.686075797561756295,0.686075797561756295,0.000173409820471358
6,full_diag_l0,627,-0.686075797561756295,0.686075797561756295,-0.686075797561756295,-0.686075797561756295,0.686075797561756295,0.686075797561756295,0.686075797561756295,-0.686075797561756295,-0.686075797561756295,0.686075797561756295,-0.686075797561756295,0.000173409820471358
6,full_diag_l0,628,-0.686075797561756295,0.686075797561756295,-0.686075797561756295,-0.686075797561756295,0.686075797561756295,0.686075797561756295,0.686075797561756295,-0.686075797561756295,-0.686075797561756295,0.686075797561756295,0.686075797561756295,0.000173409820471358
6,full_diag_l0,629,-0.686075797561756295,0.686075797561756295,-0.686075797561756295,-0.686075797561756295,0.686075797561756295,0.686075797561756295,0.686075797561756295,-0.686075797561756295,0.686075797561756295,-0.686075797561756295,-0.686075797561756295,0.000173409820471358
6,full_diag_l0,630,-0.686075797561756295,0.686075797561756295,-0.686075797561756295,-0.686075797561756295,0.686075797561756295,0.686075797561756295,0.686075797561756295,-0.686075797561756295,0.686075797561756295,-0.686075797561756295,0.686075797561756295,0.000173409820471358
6,full_diag_l0,631,-0.686075797561756295,0.686075797561756295,-0.686075797561756295,-0.686075797561756295,0.686075797561756295,0.686075797561756295,0.686075797561756295,-0.686075797561756295,0.686075797561756295,0.686075797561756295,-0.686075797561756295,0.000173409820471358
6,full_diag_l0,632,-0.686075797561756295,0.686075797561756295,-0.686075797561756295,-0.686075797561756295,0.686075797561756295,0.686075797561756295,0.686075797561756295,-0.686075797561756295,0.686075797561756295,0.686075797561756295,0.686075797561756295,0.000173409820471358
6,full_diag_l0,633,-0.686075797561756295,0.686075797561756295,-0.686075797561756295,-0.686075797561756295,0.686075797561756295,0.686075797561756295,0.686075797561756295,0.686075797561756295,-0.686075797561756295,-0.686075797561756295,-0.686075797561756295,0.000173409820471358
6,full_diag_l0,634,-0.686075797561756295,0.686075797561756295,-0.686075797561756295,-0.686075797561756295,0.686075797561756295,0.686075797561756295,0.686075797561756295,0.686075797561756295,-0.686075797561756295,-0.686075797561756295,0.686075797561756295,0.000173409820471358
6,full_diag_l0,635,-0.686075797561756295,0.686075797561756295,-0.686075797561756295,-0.686075797561756295,0.686075797561756295,0.686075797561756295,0.686075797561756295,0.686075797561756295,-0.686075797561756295,0.686075797561756295,-0.686075797561756295,0.000173409820471358
6,full_diag_l0,636,-0.686075797561756295,0.686075797561756295,-0.686075797561756295,-0.686075797561756295,0.686075797561756295,0.686075797561756295,0.686075797561756295,0.686075797561756295,-0.686075797561756295,0.686075797561756295,0.686075797561756295,0.000173409820471358
6,full_diag_l0,637,-0.686075797561756295,0.686075797561756295,-0.686075797561756295,-0.686075797561756295,0.686075797561756295,0.686075797561756295,0.686075797561756295,0.686075797561756295,0.686075797561756295,-0.686075797561756295,-0.686075797561756295,0.000173409820471358
6,full_diag_l0,638,-0.686075797561756295,0.686075797561756295,-0.686075797561756295,-0.686075797561756295,0.686075797561756295,0.686075797561756295,0.686075797561756295,0.686075797561756295,0.686075797561756295,-0.686075797561756295,0.686075797561756295,0.000173409820471358
6,full_diag_l0,639,-0.686075797561756295,0.686075797561756295,-0.686075797561756295,-0.686075797561756295,0.686075797561756295,0.686075797561756295,0.686075797561756295,0.686075797561756295,0.686075797561756295,0.686075797561756295,-0.686075797561756295,0.000173409820471358
6,full_diag_l0,640,-0.686075797561756295,0.686075797561756295,-0.686075797561756295,-0.686075797561756295,0.686075797561756295,0.686075797561756295,0.686075797561756295,0.686075797561756295,0.686075797561756295,0.686075797561756295,0.686075797561756295,0.000173409820471358
6,full_diag_l0,641,-0.686075797561756295,0.686075797561756295,-0.686075797561756295,0.686075797561756295,-0.686075797561756295,-0.686075797561756295,-0.686075797561756295,-0.686075797561756295,-0.686075797561756295,-0.686075797561756295,-0.686075797561756295,0.000173409820471358
6,full_diag_l0,642,-0.686075797561756295,0.686075797561756295,-0.686075797561756295,0.686075797561756295,-0.686075797561756295,-0.686075797561756295,-0.686075797561756295,-0.686075797561756295,-0.686075797561756295,-0.686075797561756295,0.686075797561756295,0.000173409820471358
6,full_diag_l0,643,-0.686075797561756295,0.686075797561756295,-0.686075797561756295,0.686075797561756295,-0.686075797561756295,-0.686075797561756295,-0.686075797561756295,-0.686075797561756295,-0.686075797561756295,0.686075797561756295,-0.686075797561756295,0.000173409820471358
6,full_diag_l0,644,-0.686075797561756295,0.686075797561756295,-0.686075797561756295,0.686075797561756295,-0.686075797561756295,-0.686075797561756295,-0.686075797561756295,-0.686075797561756295,-0.686075797561756295,0.686075797561756295,0.686075797561756295,0.000173409820471358
6,full_diag_l0,645,-0.686075797561756295,0.686075797561756295,-0.686075797561756295,0.686075797561756295,-0.686075797561756295,-0.686075797561756295,-0.686075797561756295,-0.686075797561756295,0.686075797561756295,-0.686075797561756295,-0.686075797561756295,0.000173409820471358
6,full_diag_l0,646,-0.686075797561756295,0.686075797561756295,-0.686075797561756295,0.686075797561756295,-0.686075797561756295,-0.686075797561756295,-0.686075797561756295,-0.686075797561756295,0.686075797561756295,-0.686075797561756295,0.686075797561756295,0.000173409820471358
6,full_diag_l0,647,-0.686075797561756295,0.686075797561756295,-0.686075797561756295,0.686075797561756295,-0.686075797561756295,-0.686075797561756295,-0.686075797561756295,-0.686075797561756295,0.686075797561756295,0.686075797561756295,-0.686075797561756295,0.000173409820471358
6,full_diag_l0,648,-0.686075797561756295,0.686075797561756295,-0.686075797561756295,0.686075797561756295,-0.686075797561756295,-0.686075797561756295,-0.686075797561756295,-0.686075797561756295,0.686075797561756295,0.686075797561756295,0.686075797561756295,0.000173409820471358
6,full_diag_l0,649,-0.686075797561756295,0.686075797561756295,-0.686075797561756295,0.686075797561756295,-0.686075797561756295,-0.686075797561756295,-0.686075797561756295,0.686075797561756295,-0.686075797561756295,-0.686075797561756295,-0.686075797561756295,0.000173409820471358
6,full_diag_l0,650,-0.686075797561756295,0.686075797561756295,-0.686075797561756295,0.686075797561756295,-0.686075797561756295,-0.686075797561756295,-0.686075797561756295,0.686075797561756295,-0.686075797561756295,-0.686075797561756295,0.686075797561756295,0.000173409820471358
6,full_diag_l0,651,-0.686075797561756295,0.686075797561756295,-0.686075797561756295,0.686075797561756295,-0.686075797561756295,-0.686075797561756295,-0.686075797561756295,0.686075797561756295,-0.686075797561756295,0.686075797561756295,-0.686075797561756295,0.000173409820471358
6,full_diag_l0,652,-0.686075797561756295,0.686075797561756295,-0.686075797561756295,0.686075797561756295,-0.686075797561756295,-0.686075797561756295,-0.686075797561756295,0.686075797561756295,-0.686075797561756295,0.686075797561756295,0.686075797561756295,0.000173409820471358
6,full_diag_l0,653,-0.686075797561756295,0.686075797561756295,-0.686075797561756295,0.686075797561756295,-0.686075797561756295,-0.686075797561756295,-0.686075797561756295,0.686075797561756295,0.686075797561756295,-0.686075797561756295,-0.686075797561756295,0.000173409820471358
6,full_diag_l0,654,-0.686075797561756295,0.686075797561756295,-0.686075797561756295,0.686075797561756295,-0.686075797561756295,-0.686075797561756295,-0.686075797561756295,0.686075797561756295,0.686075797561756295,-0.686075797561756295,0.686075797561756295,0.000173409820471358
6,full_diag_l0,655,-0.686075797561756295,0.686075797561756295,-0.686075797561756295,0.686075797561756295,-0.686075797561756295,-0.686075797561756295,-0.686075797561756295,0.686075797561756295,0.686075797561756295,0.686075797561756295,-0.686075797561756295,0.000173409820471358
6,full_diag_l0,656,-0.686075797561756295,0.686075797561756295,-0.686075797561756295,0.686075797561756295,-0.686075797561756295,-0.686075797561756295,-0.686075797561756295,0.686075797561756295,0.686075797561756295,0.686075797561756295,0.686075797561756295,0.000173409820471358
6,full_diag_l0,657,-0.686075797561756295,0.686075797561756295,-0.686075797561756295,0.686075797561756295,-0.686075797561756295,-0.686075797561756295,0.686075797561756295,-0.686075797561756295,-0.686075797561756295,-0.686075797561756295,-0.686075797561756295,0.000173409820471358
6,full_diag_l0,658,-0.686075797561756295,0.686075797561756295,-0.686075797561756295,0.686075797561756295,-0.686075797561756295,-0.686075797561756295,0.686075797561756295,-0.686075797561756295,-0.686075797561756295,-0.686075797561756295,0.686075797561756295,0.000173409820471358
6,full_diag_l0,659,-0.686075797561756295,0.686075797561756295,-0.686075797561756295,0.686075797561756295,-0.686075797561756295,-0.686075797561756295,0.686075797561756295,-0.686075797561756295,-0.686075797561756295,0.686075797561756295,-0.686075797561756295,0.000173409820471358
6,full_diag_l0,660,-0.686075797561756295,0.686075797561756295,-0.686075797561756295,0.686075797561756295,-0.686075797561756295,-0.686075797561756295,0.686075797561756295,-0.686075797561756295,-0.686075797561756295,0.686075797561756295,0.686075797561756295,0.000173409820471358
6,full_diag_l0,661,-0.686075797561756295,0.686075797561756295,-0.686075797561756295,0.686075797561756295,-0.686075797561756295,-0.686075797561756295,0.686075797561756295,-0.686075797561756295,0.686075797561756295,-0.686075797561756295,-0.686075797561756295,0.000173409820471358
6,full_diag_l0,662,-0.686075797561756295,0.686075797561756295,-0.686075797561756295,0.686075797561756295,-0.686075797561756295,-0.686075797561756295,0.686075797561756295,-0.686075797561756295,0.686075797561756295,-0.686075797561756295,0.686075797561756295,0.000173409820471358
6,full_diag_l0,663,-0.686075797561756295,0.686075797561756295,-0.686075797561756295,0.686075797561756295,-0.686075797561756295,-0.686075797561756295,0.686075797561756295,-0.686075797561756295,0.686075797561756295,0.686075797561756295,-0.686075797561756295,0.000173409820471358
6,full_diag_l0,664,-0.686075797561756295,0.686075797561756295,-0.686075797561756295,0.686075797561756295,-0.686075797561756295,-0.686075797561756295,0.686075797561756295,-0.686075797561756295,0.686075797561756295,0.686075797561756295,0.686075797561756295,0.000173409820471358
6,full_diag_l0,665,-0.686075797561756295,0.686075797561756295,-0.686075797561756295,0.686075797561756295,-0.686075797561756295,-0.686075797561756295,0.686075797561756295,0.686075797561756295,-0.686075797561756295,-0.686075797561756295,-0.686075797561756295,0.000173409820471358
6,full_diag_l0,666,-0.686075797561756295,0.686075797561756295,-0.686075797561756295,0.686075797561756295,-0.686075797561756295,-0.686075797561756295,0.686075797561756295,0.686075797561756295,-0.686075797561756295,-0.686075797561756295,0.686075797561756295,0.000173409820471358
6,full_diag_l0,667,-0.686075797561756295,0.686075797561756295,-0.686075797561756295,0.686075797561756295,-0.686075797561756295,-0.686075797561756295,0.686075797561756295,0.686075797561756295,-0.686075797561756295,0.686075797561756295,-0.686075797561756295,0.000173409820471358
6,full_diag_l0,668,-0.686075797561756295,0.686075797561756295,-0.686075797561756295,0.686075797561756295,-0.686075797561756295,-0.686075797561756295,0.686075797561756295,0.686075797561756295,-0.686075797561756295,0.686075797561756295,0.686075797561756295,0.000173409820471358
6,full_diag_l0,669,-0.686075797561756295,0.686075797561756295,-0.686075797561756295,0.686075797561756295,-0.686075797561756295,-0.686075797561756295,0.686075797561756295,0.686075797561756295,0.686075797561756295,-0.686075797561756295,-0.686075797561756295,0.000173409820471358
6,full_diag_l0,670,-0.686075797561756295,0.686075797561756295,-0.686075797561756295,0.686075797561756295,-0.686075797561756295,-0.686075797561756295,0.686075797561756295,0.686075797561756295,0.686075797561756295,-0.686075797561756295,0.686075797561756295,0.000173409820471358
6,full_diag_l0,671,-0.686075797561756295,0.686075797561756295,-0.686075797561756295,0.686075797561756295,-0.686075797561756295,-0.686075797561756295,0.686075797561756295,0.686075797561756295,0.686075797561756295,0.686075797561756295,-0.686075797561756295,0.000173409820471358
6,full_diag_l0,672,-0.686075797561756295,0.686075797561756295,-0.686075797561756295,0.686075797561756295,-0.686075797561756295,-0.686075797561756295,0.686075797561756295,0.686075797561756295,0.686075797561756295,0.686075797561756295,0.686075797561756295,0.000173409820471358
6,full_diag_l0,673,-0.686075797561756295,0.686075797561756295,-0.686075797561756295,0.686075797561756295,-0.686075797561756295,0.686075797561756295,-0.686075797561756295,-0.686075797561756295,-0.686075797561756295,-0.686075797561756295,-0.686075797561756295,0.000173409820471358
6,full_diag_l0,674,-0.686075797561756295,0.686075797561756295,-0.686075797561756295,0.686075797561756295,-0.686075797561756295,0.686075797561756295,-0.686075797561756295,-0.686075797561756295,-0.686075797561756295,-0.686075797561756295,0.686075797561756295,0.000173409820471358
6,full_diag_l0,675,-0.686075797561756295,0.686075797561756295,-0.686075797561756295,0.686075797561756295,-0.686075797561756295,0.686075797561756295,-0.686075797561756295,-0.686075797561756295,-0.686075797561756295,0.686075797561756295,-0.686075797561756295,0.000173409820471358
6,full_diag_l0,676,-0.686075797561756295,0.686075797561756295,-0.686075797561756295,0.686075797561756295,-0.686075797561756295,0.686075797561756295,-0.686075797561756295,-0.686075797561756295,-0.686075797561756295,0.686075797561756295,0.686075797561756295,0.000173409820471358
6,full_diag_l0,677,-0.686075797561756295,0.686075797561756295,-0.686075797561756295,0.686075797561756295,-0.686075797561756295,0.686075797561756295,-0.686075797561756295,-0.686075797561756295,0.686075797561756295,-0.686075797561756295,-0.686075797561756295,0.000173409820471358
6,full_diag_l0,678,-0.686075797561756295,0.686075797561756295,-0.686075797561756295,0.686075797561756295,-0.686075797561756295,0.686075797561756295,-0.686075797561756295,-0.686075797561756295,0.686075797561756295,-0.686075797561756295,0.686075797561756295,0.000173409820471358
6,full_diag_l0,679,-0.686075797561756295,0.686075797561756295,-0.686075797561756295,0.686075797561756295,-0.686075797561756295,0.686075797561756295,-0.686075797561756295,-0.686075797561756295,0.686075797561756295,0.686075797561756295,-0.686075797561756295,0.000173409820471358
6,full_diag_l0,680,-0.686075797561756295,0.686075797561756295,-0.686075797561756295,0.686075797561756295,-0.686075797561756295,0.686075797561756295,-0.686075797561756295,-0.686075797561756295,0.686075797561756295,0.686075797561756295,0.686075797561756295,0.000173409820471358
6,full_diag_l0,681,-0.686075797561756295,0.686075797561756295,-0.686075797561756295,0.686075797561756295,-0.686075797561756295,0.686075797561756295,-0.686075797561756295,0.686075797561756295,-0.686075797561756295,-0.686075797561756295,-0.686075797561756295,0.000173409820471358
6,full_diag_l0,682,-0.686075797561756295,0.686075797561756295,-0.686075797561756295,0.686075797561756295,-0.686075797561756295,0.686075797561756295,-0.686075797561756295,0.686075797561756295,-0.686075797561756295,-0.686075797561756295,0.686075797561756295,0.000173409820471358
6,full_diag_l0,683,-0.686075797561756295,0.686075797561756295,-0.686075797561756295,0.686075797561756295,-0.686075797561756295,0.686075797561756295,-0.686075797561756295,0.686075797561756295,-0.686075797561756295,0.686075797561756295,-0.686075797561756295,0.000173409820471358
6,full_diag_l0,684,-0.686075797561756295,0.686075797561756295,-0.686075797561756295,0.686075797561756295,-0.686075797561756295,0.686075797561756295,-0.686075797561756295,0.686075797561756295,-0.686075797561756295,0.686075797561756295,0.686075797561756295,0.000173409820471358
6,full_diag_l0,685,-0.686075797561756295,0.686075797561756295,-0.686075797561756295,0.686075797561756295,-0.686075797561756295,0.686075797561756295,-0.686075797561756295,0.686075797561756295,0.686075797561756295,-0.686075797561756295,-0.686075797561756295,0.000173409820471358
6,full_diag_l0,686,-0.686075797561756295,0.686075797561756295,-0.686075797561756295,0.686075797561756295,-0.686075797561756295,0.686075797561756295,-0.686075797561756295,0.686075797561756295,0.686075797561756295,-0.686075797561756295,0.686075797561756295,0.000173409820471358
6,full_diag_l0,687,-0.686075797561756295,0.686075797561756295,-0.686075797561756295,0.686075797561756295,-0.686075797561756295,0.686075797561756295,-0.686075797561756295,0.686075797561756295,0.686075797561756295,0.686075797561756295,-0.686075797561756295,0.000173409820471358
6,full_diag_l0,688,-0.686075797561756295,0.686075797561756295,-0.686075797561756295,0.686075797561756295,-0.686075797561756295,0.686075797561756295,-0.686075797561756295,0.686075797561756295,0.686075797561756295,0.686075797561756295,0.686075797561756295,0.000173409820471358
6,full_diag_l0,689,-0.686075797561756295,0.686075797561756295,-0.686075797561756295,0.686075797561756295,-0.686075797561756295,0.686075797561756295,0.686075797561756295,-0.686075797561756295,-0.686075797561756295,-0.686075797561756295,-0.686075797561756295,0.000173409820471358
6,full_diag_l0,690,-0.686075797561756295,0.686075797561756295,-0.686075797561756295,0.686075797561756295,-0.686075797561756295,0.686075797561756295,0.686075797561756295,-0.686075797561756295,-0.686075797561756295,-0.686075797561756295,0.686075797561756295,0.000173409820471358
6,full_diag_l0,691,-0.686075797561756295,0.686075797561756295,-0.686075797561756295,0.686075797561756295,-0.686075797561756295,0.686075797561756295,0.686075797561756295,-0.686075797561756295,-0.686075797561756295,0.686075797561756295,-0.686075797561756295,0.000173409820471358
6,full_diag_l0,692,-0.686075797561756295,0.686075797561756295,-0.686075797561756295,0.686075797561756295,-0.686075797561756295,0.686075797561756295,0.686075797561756295,-0.686075797561756295,-0.686075797561756295,0.686075797561756295,0.686075797561756295,0.000173409820471358
6,full_diag_l0,693,-0.686075797561756295,0.686075797561756295,-0.686075797561756295,0.686075797561756295,-0.686075797561756295,0.686075797561756295,0.686075797561756295,-0.686075797561756295,0.686075797561756295,-0.686075797561756295,-0.686075797561756295,0.000173409820471358
6,full_diag_l0,694,-0.686075797561756295,0.686075797561756295,-0.686075797561756295,0.686075797561756295,-0.686075797561756295,0.686075797561756295,0.686075797561756295,-0.686075797561756295,0.686075797561756295,-0.686075797561756295,0.686075797561756295,0.000173409820471358
6,full_diag_l0,695,-0.686075797561756295,0.686075797561756295,-0.686075797561756295,0.686075797561756295,-0.686075797561756295,0.686075797561756295,0.686075797561756295,-0.686075797561756295,0.686075797561756295,0.686075797561756295,-0.686075797561756295,0.000173409820471358
6,full_diag_l0,696,-0.686075797561756295,0.686075797561756295,-0.686075797561756295,0.686075797561756295,-0.686075797561756295,0.686075797561756295,0.686075797561756295,-0.686075797561756295,0.686075797561756295,0.686075797561756295,0.686075797561756295,0.000173409820471358
6,full_diag_l0,697,-0.686075797561756295,0.686075797561756295,-0.686075797561756295,0.686075797561756295,-0.686075797561756295,0.686075797561756295,0.686075797561756295,0.686075797561756295,-0.686075797561756295,-0.686075797561756295,-0.686075797561756295,0.000173409820471358
6,full_diag_l0,698,-0.686075797561756295,0.686075797561756295,-0.686075797561756295,0.686075797561756295,-0.686075797561756295,0.686075797561756295,0.686075797561756295,0.686075797561756295,-0.686075797561756295,-0.686075797561756295,0.686075797561756295,0.000173409820471358
6,full_diag_l0,699,-0.686075797561756295,0.686075797561756295,-0.686075797561756295,0.686075797561756295,-0.686075797561756295,0.686075797561756295,0.686075797561756295,0.686075797561756295,-0.686075797561756295,0.686075797561756295,-0.686075797561756295,0.000173409820471358
6,full_diag_l0,700,-0.686075797561756295,0.686075797561756295,-0.686075797561756295,0.686075797561756295,-0.686075797561756295,0.686075797561756295,0.686075797561756295,0.686075797561756295,-0.686075797561756295,0.686075797561756295,0.686075797561756295,0.000173409820471358
6,full_diag_l0,701,-0.686075797561756295,0.686075797561756295,-0.686075797561756295,0.686075797561756295,-0.686075797561756295,0.686075797561756295,0.686075797561756295,0.686075797561756295,0.686075797561756295,-0.686075797561756295,-0.686075797561756295,0.000173409820471358
6,full_diag_l0,702,-0.686075797561756295,0.686075797561756295,-0.686075797561756295,0.686075797561756295,-0.686075797561756295,0.686075797561756295,0.686075797561756295,0.686075797561756295,0.686075797561756295,-0.686075797561756295,0.686075797561756295,0.000173409820471358
6,full_diag_l0,703,-0.686075797561756295,0.686075797561756295,-0.686075797561756295,0.686075797561756295,-0.686075797561756295,0.686075797561756295,0.686075797561756295,0.686075797561756295,0.686075797561756295,0.686075797561756295,-0.686075797561756295,0.000173409820471358
6,full_diag_l0,704,-0.686075797561756295,0.686075797561756295,-0.686075797561756295,0.686075797561756295,-0.686075797561756295,0.686075797561756295,0.686075797561756295,0.686075797561756295,0.686075797561756295,0.686075797561756295,0.686075797561756295,0.000173409820471358
6,full_diag_l0,705,-0.686075797561756295,0.686075797561756295,-0.686075797561756295,0.686075797561756295,0.686075797561756295,-0.686075797561756295,-0.686075797561756295,-0.686075797561756295,-0.686075797561756295,-0.686075797561756295,-0.686075797561756295,0.000173409820471358
6,full_diag_l0,706,-0.686075797561756295,0.686075797561756295,-0.686075797561756295,0.686075797561756295,0.686075797561756295,-0.686075797561756295,-0.686075797561756295,-0.686075797561756295,-0.686075797561756295,-0.686075797561756295,0.686075797561756295,0.000173409820471358
6,full_diag_l0,707,-0.686075797561756295,0.686075797561756295,-0.686075797561756295,0.686075797561756295,0.686075797561756295,-0.686075797561756295,-0.686075797561756295,-0.686075797561756295,-0.686075797561756295,0.686075797561756295,-0.686075797561756295,0.000173409820471358
6,full_diag_l0,708,-0.686075797561756295,0.686075797561756295,-0.686075797561756295,0.686075797561756295,0.686075797561756295,-0.686075797561756295,-0.686075797561756295,-0.686075797561756295,-0.686075797561756295,0.686075797561756295,0.686075797561756295,0.000173409820471358
6,full_diag_l0,709,-0.686075797561756295,0.686075797561756295,-0.686075797561756295,0.686075797561756295,0.686075797561756295,-0.686075797561756295,-0.686075797561756295,-0.686075797561756295,0.686075797561756295,-0.686075797561756295,-0.686075797561756295,0.000173409820471358
6,full_diag_l0,710,-0.686075797561756295,0.686075797561756295,-0.686075797561756295,0.686075797561756295,0.686075797561756295,-0.686075797561756295,-0.686075797561756295,-0.686075797561756295,0.686075797561756295,-0.686075797561756295,0.686075797561756295,0.000173409820471358
6,full_diag_l0,711,-0.686075797561756295,0.686075797561756295,-0.686075797561756295,0.686075797561756295,0.686075797561756295,-0.686075797561756295,-0.686075797561756295,-0.686075797561756295,0.686075797561756295,0.686075797561756295,-0.686075797561756295,0.000173409820471358
6,full_diag_l0,712,-0.686075797561756295,0.686075797561756295,-0.686075797561756295,0.686075797561756295,0.686075797561756295,-0.686075797561756295,-0.686075797561756295,-0.686075797561756295,0.686075797561756295,0.686075797561756295,0.686075797561756295,0.000173409820471358
6,full_diag_l0,713,-0.686075797561756295,0.686075797561756295,-0.686075797561756295,0.686075797561756295,0.686075797561756295,-0.686075797561756295,-0.686075797561756295,0.686075797561756295,-0.686075797561756295,-0.686075797561756295,-0.686075797561756295,0.000173409820471358
6,full_diag_l0,714,-0.686075797561756295,0.686075797561756295,-0.686075797561756295,0.686075797561756295,0.686075797561756295,-0.686075797561756295,-0.686075797561756295,0.686075797561756295,-0.686075797561756295,-0.686075797561756295,0.686075797561756295,0.000173409820471358
6,full_diag_l0,715,-0.686075797561756295,0.686075797561756295,-0.686075797561756295,0.686075797561756295,0.686075797561756295,-0.686075797561756295,-0.686075797561756295,0.686075797561756295,-0.686075797561756295,0.686075797561756295,-0.686075797561756295,0.000173409820471358
6,full_diag_l0,716,-0.686075797561756295,0.686075797561756295,-0.686075797561756295,0.686075797561756295,0.686075797561756295,-0.686075797561756295,-0.686075797561756295,0.686075797561756295,-0.686075797561756295,0.686075797561756295,0.686075797561756295,0.000173409820471358
6,full_diag_l0,717,-0.686075797561756295,0.686075797561756295,-0.686075797561756295,0.686075797561756295,0.686075797561756295,-0.686075797561756295,-0.686075797561756295,0.686075797561756295,0.686075797561756295,-0.686075797561756295,-0.686075797561756295,0.000173409820471358
6,full_diag_l0,718,-0.686075797561756295,0.686075797561756295,-0.686075797561756295,0.686075797561756295,0.686075797561756295,-0.686075797561756295,-0.686075797561756295,0.686075797561756295,0.686075797561756295,-0.686075797561756295,0.686075797561756295,0.000173409820471358
6,full_diag_l0,719,-0.686075797561756295,0.686075797561756295,-0.686075797561756295,0.686075797561756295,0.686075797561756295,-0.686075797561756295,-0.686075797561756295,0.686075797561756295,0.686075797561756295,0.686075797561756295,-0.686075797561756295,0.000173409820471358
6,full_diag_l0,720,-0.686075797561756295,0.686075797561756295,-0.686075797561756295,0.686075797561756295,0.686075797561756295,-0.686075797561756295,-0.686075797561756295,0.686075797561756295,0.686075797561756295,0.686075797561756295,0.686075797561756295,0.000173409820471358
6,full_diag_l0,721,-0.686075797561756295,0.686075797561756295,-0.686075797561756295,0.686075797561756295,0.686075797561756295,-0.686075797561756295,0.686075797561756295,-0.686075797561756295,-0.686075797561756295,-0.686075797561756295,-0.686075797561756295,0.000173409820471358
6,full_diag_l0,722,-0.686075797561756295,0.686075797561756295,-0.686075797561756295,0.686075797561756295,0.686075797561756295,-0.686075797561756295,0.686075797561756295,-0.686075797561756295,-0.686075797561756295,-0.686075797561756295,0.686075797561756295,0.000173409820471358
6,full_diag_l0,723,-0.686075797561756295,0.686075797561756295,-0.686075797561756295,0.686075797561756295,0.686075797561756295,-0.686075797561756295,0.686075797561756295,-0.686075797561756295,-0.686075797561756295,0.686075797561756295,-0.686075797561756295,0.000173409820471358
6,full_diag_l0,724,-0.686075797561756295,0.686075797561756295,-0.686075797561756295,0.686075797561756295,0.686075797561756295,-0.686075797561756295,0.686075797561756295,-0.686075797561756295,-0.686075797561756295,0.686075797561756295,0.686075797561756295,0.000173409820471358
6,full_diag_l0,725,-0.686075797561756295,0.686075797561756295,-0.686075797561756295,0.686075797561756295,0.686075797561756295,-0.686075797561756295,0.686075797561756295,-0.686075797561756295,0.686075797561756295,-0.686075797561756295,-0.686075797561756295,0.000173409820471358
6,full_diag_l0,726,-0.686075797561756295,0.686075797561756295,-0.686075797561756295,0.686075797561756295,0.686075797561756295,-0.686075797561756295,0.686075797561756295,-0.686075797561756295,0.686075797561756295,-0.686075797561756295,0.686075797561756295,0.000173409820471358
6,full_diag_l0,727,-0.686075797561756295,0.686075797561756295,-0.686075797561756295,0.686075797561756295,0.686075797561756295,-0.686075797561756295,0.686075797561756295,-0.686075797561756295,0.686075797561756295,0.686075797561756295,-0.686075797561756295,0.000173409820471358
6,full_diag_l0,728,-0.686075797561756295,0.686075797561756295,-0.686075797561756295,0.686075797561756295,0.686075797561756295,-0.686075797561756295,0.686075797561756295,-0.686075797561756295,0.686075797561756295,0.686075797561756295,0.686075797561756295,0.000173409820471358
6,full_diag_l0,729,-0.686075797561756295,0.686075797561756295,-0.686075797561756295,0.686075797561756295,0.686075797561756295,-0.686075797561756295,0.686075797561756295,0.686075797561756295,-0.686075797561756295,-0.686075797561756295,-0.686075797561756295,0.000173409820471358
6,full_diag_l0,730,-0.686075797561756295,0.686075797561756295,-0.686075797561756295,0.686075797561756295,0.686075797561756295,-0.686075797561756295,0.686075797561756295,0.686075797561756295,-0.686075797561756295,-0.686075797561756295,0.686075797561756295,0.000173409820471358
6,full_diag_l0,731,-0.686075797561756295,0.686075797561756295,-0.686075797561756295,0.686075797561756295,0.686075797561756295,-0.686075797561756295,0.686075797561756295,0.686075797561756295,-0.686075797561756295,0.686075797561756295,-0.686075797561756295,0.000173409820471358
6,full_diag_l0,732,-0.686075797561756295,0.686075797561756295,-0.686075797561756295,0.686075797561756295,0.686075797561756295,-0.686075797561756295,0.686075797561756295,0.686075797561756295,-0.686075797561756295,0.686075797561756295,0.686075797561756295,0.000173409820471358
6,full_diag_l0,733,-0.686075797561756295,0.686075797561756295,-0.686075797561756295,0.686075797561756295,0.686075797561756295,-0.686075797561756295,0.686075797561756295,0.686075797561756295,0.686075797561756295,-0.686075797561756295,-0.686075797561756295,0.000173409820471358
6,full_diag_l0,734,-0.686075797561756295,0.686075797561756295,-0.686075797561756295,0.686075797561756295,0.686075797561756295,-0.686075797561756295,0.686075797561756295,0.686075797561756295,0.686075797561756295,-0.686075797561756295,0.686075797561756295,0.000173409820471358
6,full_diag_l0,735,-0.686075797561756295,0.686075797561756295,-0.686075797561756295,0.686075797561756295,0.686075797561756295,-0.686075797561756295,0.686075797561756295,0.686075797561756295,0.686075797561756295,0.686075797561756295,-0.686075797561756295,0.000173409820471358
6,full_diag_l0,736,-0.686075797561756295,0.686075797561756295,-0.686075797561756295,0.686075797561756295,0.686075797561756295,-0.686075797561756295,0.686075797561756295,0.686075797561756295,0.686075797561756295,0.686075797561756295,0.686075797561756295,0.000173409820471358
6,full_diag_l0,737,-0.686075797561756295,0.686075797561756295,-0.686075797561756295,0.686075797561756295,0.686075797561756295,0.686075797561756295,-0.686075797561756295,-0.686075797561756295,-0.686075797561756295,-0.686075797561756295,-0.686075797561756295,0.000173409820471358
6,full_diag_l0,738,-0.686075797561756295,0.686075797561756295,-0.686075797561756295,0.686075797561756295,0.686075797561756295,0.686075797561756295,-0.686075797561756295,-0.686075797561756295,-0.686075797561756295,-0.686075797561756295,0.686075797561756295,0.000173409820471358
6,full_diag_l0,739,-0.686075797561756295,0.686075797561756295,-0.686075797561756295,0.686075797561756295,0.686075797561756295,0.686075797561756295,-0.686075797561756295,-0.686075797561756295,-0.686075797561756295,0.686075797561756295,-0.686075797561756295,0.000173409820471358
6,full_diag_l0,740,-0.686075797561756295,0.686075797561756295,-0.686075797561756295,0.686075797561756295,0.686075797561756295,0.686075797561756295,-0.686075797561756295,-0.686075797561756295,-0.686075797561756295,0.686075797561756295,0.686075797561756295,0.000173409820471358
6,full_diag_l0,741,-0.686075797561756295,0.686075797561756295,-0.686075797561756295,0.686075797561756295,0.686075797561756295,0.686075797561756295,-0.686075797561756295,-0.686075797561756295,0.686075797561756295,-0.686075797561756295,-0.686075797561756295,0.000173409820471358
6,full_diag_l0,742,-0.686075797561756295,0.686075797561756295,-0.686075797561756295,0.686075797561756295,0.686075797561756295,0.686075797561756295,-0.686075797561756295,-0.686075797561756295,0.686075797561756295,-0.686075797561756295,0.686075797561756295,0.000173409820471358
6,full_diag_l0,743,-0.686075797561756295,0.686075797561756295,-0.686075797561756295,0.686075797561756295,0.686075797561756295,0.686075797561756295,-0.686075797561756295,-0.686075797561756295,0.686075797561756295,0.686075797561756295,-0.686075797561756295,0.000173409820471358
6,full_diag_l0,744,-0.686075797561756295,0.686075797561756295,-0.686075797561756295,0.686075797561756295,0.686075797561756295,0.686075797561756295,-0.686075797561756295,-0.686075797561756295,0.686075797561756295,0.686075797561756295,0.686075797561756295,0.000173409820471358
6,full_diag_l0,745,-0.686075797561756295,0.686075797561756295,-0.686075797561756295,0.686075797561756295,0.686075797561756295,0.686075797561756295,-0.686075797561756295,0.686075797561756295,-0.686075797561756295,-0.686075797561756295,-0.686075797561756295,0.000173409820471358
6,full_diag_l0,746,-0.686075797561756295,0.686075797561756295,-0.686075797561756295,0.686075797561756295,0.686075797561756295,0.686075797561756295,-0.686075797561756295,0.686075797561756295,-0.686075797561756295,-0.686075797561756295,0.686075797561756295,0.000173409820471358
6,full_diag_l0,747,-0.686075797561756295,0.686075797561756295,-0.686075797561756295,0.686075797561756295,0.686075797561756295,0.686075797561756295,-0.686075797561756295,0.686075797561756295,-0.686075797561756295,0.686075797561756295,-0.686075797561756295,0.000173409820471358
6,full_diag_l0,748,-0.686075797561756295,0.686075797561756295,-0.686075797561756295,0.686075797561756295,0.686075797561756295,0.686075797561756295,-0.686075797561756295,0.686075797561756295,-0.686075797561756295,0.686075797561756295,0.686075797561756295,0.000173409820471358
6,full_diag_l0,749,-0.686075797561756295,0.686075797561756295,-0.686075797561756295,0.686075797561756295,0.686075797561756295,0.686075797561756295,-0.686075797561756295,0.686075797561756295,0.686075797561756295,-0.686075797561756295,-0.686075797561756295,0.000173409820471358
6,full_diag_l0,750,-0.686075797561756295,0.686075797561756295,-0.686075797561756295,0.686075797561756295,0.686075797561756295,0.686075797561756295,-0.686075797561756295,0.686075797561756295,0.686075797561756295,-0.686075797561756295,0.686075797561756295,0.000173409820471358
6,full_diag_l0,751,-0.686075797561756295,0.686075797561756295,-0.686075797561756295,0.686075797561756295,0.686075797561756295,0.686075797561756295,-0.686075797561756295,0.686075797561756295,0.686075797561756295,0.686075797561756295,-0.686075797561756295,0.000173409820471358
6,full_diag_l0,752,-0.686075797561756295,0.686075797561756295,-0.686075797561756295,0.686075797561756295,0.686075797561756295,0.686075797561756295,-0.686075797561756295,0.686075797561756295,0.686075797561756295,0.686075797561756295,0.686075797561756295,0.000173409820471358
6,full_diag_l0,753,-0.686075797561756295,0.686075797561756295,-0.686075797561756295,0.686075797561756295,0.686075797561756295,0.686075797561756295,0.686075797561756295,-0.686075797561756295,-0.686075797561756295,-0.686075797561756295,-0.686075797561756295,0.000173409820471358
6,full_diag_l0,754,-0.686075797561756295,0.686075797561756295,-0.686075797561756295,0.686075797561756295,0.686075797561756295,0.686075797561756295,0.686075797561756295,-0.686075797561756295,-0.686075797561756295,-0.686075797561756295,0.686075797561756295,0.000173409820471358
6,full_diag_l0,755,-0.686075797561756295,0.686075797561756295,-0.686075797561756295,0.686075797561756295,0.686075797561756295,0.686075797561756295,0.686075797561756295,-0.686075797561756295,-0.686075797561756295,0.686075797561756295,-0.686075797561756295,0.000173409820471358
6,full_diag_l0,756,-0.686075797561756295,0.686075797561756295,-0.686075797561756295,0.686075797561756295,0.686075797561756295,0.686075797561756295,0.686075797561756295,-0.686075797561756295,-0.686075797561756295,0.686075797561756295,0.686075797561756295,0.000173409820471358
6,full_diag_l0,757,-0.686075797561756295,0.686075797561756295,-0.686075797561756295,0.686075797561756295,0.686075797561756295,0.686075797561756295,0.686075797561756295,-0.686075797561756295,0.686075797561756295,-0.686075797561756295,-0.686075797561756295,0.000173409820471358
6,full_diag_l0,758,-0.686075797561756295,0.686075797561756295,-0.686075797561756295,0.686075797561756295,0.686075797561756295,0.686075797561756295,0.686075797561756295,-0.686075797561756295,0.686075797561756295,-0.686075797561756295,0.686075797561756295,0.000173409820471358
6,full_diag_l0,759,-0.686075797561756295,0.686075797561756295,-0.686075797561756295,0.686075797561756295,0.686075797561756295,0.686075797561756295,0.686075797561756295,-0.686075797561756295,0.686075797561756295,0.686075797561756295,-0.686075797561756295,0.000173409820471358
6,full_diag_l0,760,-0.686075797561756295,0.686075797561756295,-0.686075797561756295,0.686075797561756295,0.686075797561756295,0.686075797561756295,0.686075797561756295,-0.686075797561756295,0.686075797561756295,0.686075797561756295,0.686075797561756295,0.000173409820471358
6,full_diag_l0,761,-0.686075797561756295,0.686075797561756295,-0.686075797561756295,0.686075797561756295,0.686075797561756295,0.686075797561756295,0.686075797561756295,0.686075797561756295,-0.686075797561756295,-0.686075797561756295,-0.686075797561756295,0.000173409820471358
6,full_diag_l0,762,-0.686075797561756295,0.686075797561756295,-0.686075797561756295,0.686075797561756295,0.686075797561756295,0.686075797561756295,0.686075797561756295,0.686075797561756295,-0.686075797561756295,-0.686075797561756295,0.686075797561756295,0.000173409820471358
6,full_diag_l0,763,-0.686075797561756295,0.686075797561756295,-0.686075797561756295,0.686075797561756295,0.686075797561756295,0.686075797561756295,0.686075797561756295,0.686075797561756295,-0.686075797561756295,0.686075797561756295,-0.686075797561756295,0.000173409820471358
6,full_diag_l0,764,-0.686075797561756295,0.686075797561756295,-0.686075797561756295,0.686075797561756295,0.686075797561756295,0.686075797561756295,0.686075797561756295,0.686075797561756295,-0.686075797561756295,0.686075797561756295,0.686075797561756295,0.000173409820471358
6,full_diag_l0,765,-0.686075797561756295,0.686075797561756295,-0.686075797561756295,0.686075797561756295,0.686075797561756295,0.686075797561756295,0.686075797561756295,0.686075797561756295,0.686075797561756295,-0.686075797561756295,-0.686075797561756295,0.000173409820471358
6,full_diag_l0,766,-0.686075797561756295,0.686075797561756295,-0.686075797561756295,0.686075797561756295,0.686075797561756295,0.686075797561756295,0.686075797561756295,0.686075797561756295,0.686075797561756295,-0.686075797561756295,0.686075797561756295,0.000173409820471358
6,full_diag_l0,767,-0.686075797561756295,0.686075797561756295,-0.686075797561756295,0.686075797561756295,0.686075797561756295,0.686075797561756295,0.686075797561756295,0.686075797561756295,0.686075797561756295,0.686075797561756295,-0.686075797561756295,0.000173409820471358
6,full_diag_l0,768,-0.686075797561756295,0.686075797561756295,-0.686075797561756295,0.686075797561756295,0.686075797561756295,0.686075797561756295,0.686075797561756295,0.686075797561756295,0.686075797561756295,0.686075797561756295,0.686075797561756295,0.000173409820471358
6,full_diag_l0,769,-0.686075797561756295,0.686075797561756295,0.686075797561756295,-0.686075797561756295,-0.686075797561756295,-0.686075797561756295,-0.686075797561756295,-0.686075797561756295,-0.686075797561756295,-0.686075797561756295,-0.686075797561756295,0.000173409820471358
6,full_diag_l0,770,-0.686075797561756295,0.686075797561756295,0.686075797561756295,-0.686075797561756295,-0.686075797561756295,-0.686075797561756295,-0.686075797561756295,-0.686075797561756295,-0.686075797561756295,-0.686075797561756295,0.686075797561756295,0.000173409820471358
6,full_diag_l0,771,-0.686075797561756295,0.686075797561756295,0.686075797561756295,-0.686075797561756295,-0.686075797561756295,-0.686075797561756295,-0.686075797561756295,-0.686075797561756295,-0.686075797561756295,0.686075797561756295,-0.686075797561756295,0.000173409820471358
6,full_diag_l0,772,-0.686075797561756295,0.686075797561756295,0.686075797561756295,-0.686075797561756295,-0.686075797561756295,-0.686075797561756295,-0.686075797561756295,-0.686075797561756295,-0.686075797561756295,0.686075797561756295,0.686075797561756295,0.000173409820471358
6,full_diag_l0,773,-0.686075797561756295,0.686075797561756295,0.686075797561756295,-0.686075797561756295,-0.686075797561756295,-0.686075797561756295,-0.686075797561756295,-0.686075797561756295,0.686075797561756295,-0.686075797561756295,-0.686075797561756295,0.000173409820471358
6,full_diag_l0,774,-0.686075797561756295,0.686075797561756295,0.686075797561756295,-0.686075797561756295,-0.686075797561756295,-0.686075797561756295,-0.686075797561756295,-0.686075797561756295,0.686075797561756295,-0.686075797561756295,0.686075797561756295,0.000173409820471358
6,full_diag_l0,775,-0.686075797561756295,0.686075797561756295,0.686075797561756295,-0.686075797561756295,-0.686075797561756295,-0.686075797561756295,-0.686075797561756295,-0.686075797561756295,0.686075797561756295,0.686075797561756295,-0.686075797561756295,0.000173409820471358
6,full_diag_l0,776,-0.686075797561756295,0.686075797561756295,0.686075797561756295,-0.686075797561756295,-0.686075797561756295,-0.686075797561756295,-0.686075797561756295,-0.686075797561756295,0.686075797561756295,0.686075797561756295,0.686075797561756295,0.000173409820471358
6,full_diag_l0,777,-0.686075797561756295,0.686075797561756295,0.686075797561756295,-0.686075797561756295,-0.686075797561756295,-0.686075797561756295,-0.686075797561756295,0.686075797561756295,-0.686075797561756295,-0.686075797561756295,-0.686075797561756295,0.000173409820471358
6,full_diag_l0,778,-0.686075797561756295,0.686075797561756295,0.686075797561756295,-0.686075797561756295,-0.686075797561756295,-0.686075797561756295,-0.686075797561756295,0.686075797561756295,-0.686075797561756295,-0.686075797561756295,0.686075797561756295,0.000173409820471358
6,full_diag_l0,779,-0.686075797561756295,0.686075797561756295,0.686075797561756295,-0.686075797561756295,-0.686075797561756295,-0.686075797561756295,-0.686075797561756295,0.686075797561756295,-0.686075797561756295,0.686075797561756295,-0.686075797561756295,0.000173409820471358
6,full_diag_l0,780,-0.686075797561756295,0.686075797561756295,0.686075797561756295,-0.686075797561756295,-0.686075797561756295,-0.686075797561756295,-0.686075797561756295,0.686075797561756295,-0.686075797561756295,0.686075797561756295,0.686075797561756295,0.000173409820471358
6,full_diag_l0,781,-0.686075797561756295,0.686075797561756295,0.686075797561756295,-0.686075797561756295,-0.686075797561756295,-0.686075797561756295,-0.686075797561756295,0.686075797561756295,0.686075797561756295,-0.686075797561756295,-0.686075797561756295,0.000173409820471358
6,full_diag_l0,782,-0.686075797561756295,0.686075797561756295,0.686075797561756295,-0.686075797561756295,-0.686075797561756295,-0.686075797561756295,-0.686075797561756295,0.686075797561756295,0.686075797561756295,-0.686075797561756295,0.686075797561756295,0.000173409820471358
6,full_diag_l0,783,-0.686075797561756295,0.686075797561756295,0.686075797561756295,-0.686075797561756295,-0.686075797561756295,-0.686075797561756295,-0.686075797561756295,0.686075797561756295,0.686075797561756295,0.686075797561756295,-0.686075797561756295,0.000173409820471358
6,full_diag_l0,784,-0.686075797561756295,0.686075797561756295,0.686075797561756295,-0.686075797561756295,-0.686075797561756295,-0.686075797561756295,-0.686075797561756295,0.686075797561756295,0.686075797561756295,0.686075797561756295,0.686075797561756295,0.000173409820471358
6,full_diag_l0,785,-0.686075797561756295,0.686075797561756295,0.686075797561756295,-0.686075797561756295,-0.686075797561756295,-0.686075797561756295,0.686075797561756295,-0.686075797561756295,-0.686075797561756295,-0.686075797561756295,-0.686075797561756295,0.000173409820471358
6,full_diag_l0,786,-0.686075797561756295,0.686075797561756295,0.686075797561756295,-0.686075797561756295,-0.686075797561756295,-0.686075797561756295,0.686075797561756295,-0.686075797561756295,-0.686075797561756295,-0.686075797561756295,0.686075797561756295,0.000173409820471358
6,full_diag_l0,787,-0.686075797561756295,0.686075797561756295,0.686075797561756295,-0.686075797561756295,-0.686075797561756295,-0.686075797561756295,0.686075797561756295,-0.686075797561756295,-0.686075797561756295,0.686075797561756295,-0.686075797561756295,0.000173409820471358
6,full_diag_l0,788,-0.686075797561756295,0.686075797561756295,0.686075797561756295,-0.686075797561756295,-0.686075797561756295,-0.686075797561756295,0.686075797561756295,-0.686075797561756295,-0.686075797561756295,0.686075797561756295,0.686075797561756295,0.000173409820471358
6,full_diag_l0,789,-0.686075797561756295,0.686075797561756295,0.686075797561756295,-0.686075797561756295,-0.686075797561756295,-0.686075797561756295,0.686075797561756295,-0.686075797561756295,0.686075797561756295,-0.686075797561756295,-0.686075797561756295,0.000173409820471358
6,full_diag_l0,790,-0.686075797561756295,0.686075797561756295,0.686075797561756295,-0.686075797561756295,-0.686075797561756295,-0.686075797561756295,0.686075797561756295,-0.686075797561756295,0.686075797561756295,-0.686075797561756295,0.686075797561756295,0.000173409820471358
6,full_diag_l0,791,-0.686075797561756295,0.686075797561756295,0.686075797561756295,-0.686075797561756295,-0.686075797561756295,-0.686075797561756295,0.686075797561756295,-0.686075797561756295,0.686075797561756295,0.686075797561756295,-0.686075797561756295,0.000173409820471358
6,full_diag_l0,792,-0.686075797561756295,0.686075797561756295,0.686075797561756295,-0.686075797561756295,-0.686075797561756295,-0.686075797561756295,0.686075797561756295,-0.686075797561756295,0.686075797561756295,0.686075797561756295,0.686075797561756295,0.000173409820471358
6,full_diag_l0,793,-0.686075797561756295,0.686075797561756295,0.686075797561756295,-0.686075797561756295,-0.686075797561756295,-0.686075797561756295,0.686075797561756295,0.686075797561756295,-0.686075797561756295,-0.686075797561756295,-0.686075797561756295,0.000173409820471358
6,full_diag_l0,794,-0.686075797561756295,0.686075797561756295,0.686075797561756295,-0.686075797561756295,-0.686075797561756295,-0.686075797561756295,0.686075797561756295,0.686075797561756295,-0.686075797561756295,-0.686075797561756295,0.686075797561756295,0.000173409820471358
6,full_diag_l0,795,-0.686075797561756295,0.686075797561756295,0.686075797561756295,-0.686075797561756295,-0.686075797561756295,-0.686075797561756295,0.686075797561756295,0.686075797561756295,-0.686075797561756295,0.686075797561756295,-0.686075797561756295,0.000173409820471358
6,full_diag_l0,796,-0.686075797561756295,0.686075797561756295,0.686075797561756295,-0.686075797561756295,-0.686075797561756295,-0.686075797561756295,0.686075797561756295,0.686075797561756295,-0.686075797561756295,0.686075797561756295,0.686075797561756295,0.000173409820471358
6,full_diag_l0,797,-0.686075797561756295,0.686075797561756295,0.686075797561756295,-0.686075797561756295,-0.686075797561756295,-0.686075797561756295,0.686075797561756295,0.686075797561756295,0.686075797561756295,-0.686075797561756295,-0.686075797561756295,0.000173409820471358
6,full_diag_l0,798,-0.686075797561756295,0.686075797561756295,0.686075797561756295,-0.686075797561756295,-0.686075797561756295,-0.686075797561756295,0.686075797561756295,0.686075797561756295,0.686075797561756295,-0.686075797561756295,0.686075797561756295,0.000173409820471358
6,full_diag_l0,799,-0.686075797561756295,0.686075797561756295,0.686075797561756295,-0.686075797561756295,-0.686075797561756295,-0.686075797561756295,0.686075797561756295,0.686075797561756295,0.686075797561756295,0.686075797561756295,-0.686075797561756295,0.000173409820471358
6,full_diag_l0,800,-0.686075797561756295,0.686075797561756295,0.686075797561756295,-0.686075797561756295,-0.686075797561756295,-0.686075797561756295,0.686075797561756295,0.686075797561756295,0.686075797561756295,0.686075797561756295,0.686075797561756295,0.000173409820471358
6,full_diag_l0,801,-0.686075797561756295,0.686075797561756295,0.686075797561756295,-0.686075797561756295,-0.686075797561756295,0.686075797561756295,-0.686075797561756295,-0.686075797561756295,-0.686075797561756295,-0.686075797561756295,-0.686075797561756295,0.000173409820471358
6,full_diag_l0,802,-0.686075797561756295,0.686075797561756295,0.686075797561756295,-0.686075797561756295,-0.686075797561756295,0.686075797561756295,-0.686075797561756295,-0.686075797561756295,-0.686075797561756295,-0.686075797561756295,0.686075797561756295,0.000173409820471358
6,full_diag_l0,803,-0.686075797561756295,0.686075797561756295,0.686075797561756295,-0.686075797561756295,-0.686075797561756295,0.686075797561756295,-0.686075797561756295,-0.686075797561756295,-0.686075797561756295,0.686075797561756295,-0.686075797561756295,0.000173409820471358
6,full_diag_l0,804,-0.686075797561756295,0.686075797561756295,0.686075797561756295,-0.686075797561756295,-0.686075797561756295,0.686075797561756295,-0.686075797561756295,-0.686075797561756295,-0.686075797561756295,0.686075797561756295,0.686075797561756295,0.000173409820471358
6,full_diag_l0,805,-0.686075797561756295,0.686075797561756295,0.686075797561756295,-0.686075797561756295,-0.686075797561756295,0.686075797561756295,-0.686075797561756295,-0.686075797561756295,0.686075797561756295,-0.686075797561756295,-0.686075797561756295,0.000173409820471358
6,full_diag_l0,806,-0.686075797561756295,0.686075797561756295,0.686075797561756295,-0.686075797561756295,-0.686075797561756295,0.686075797561756295,-0.686075797561756295,-0.686075797561756295,0.686075797561756295,-0.686075797561756295,0.686075797561756295,0.000173409820471358
6,full_diag_l0,807,-0.686075797561756295,0.686075797561756295,0.686075797561756295,-0.686075797561756295,-0.686075797561756295,0.686075797561756295,-0.686075797561756295,-0.686075797561756295,0.686075797561756295,0.686075797561756295,-0.686075797561756295,0.000173409820471358
6,full_diag_l0,808,-0.686075797561756295,0.686075797561756295,0.686075797561756295,-0.686075797561756295,-0.686075797561756295,0.686075797561756295,-0.686075797561756295,-0.686075797561756295,0.686075797561756295,0.686075797561756295,0.686075797561756295,0.000173409820471358
6,full_diag_l0,809,-0.686075797561756295,0.686075797561756295,0.686075797561756295,-0.686075797561756295,-0.686075797561756295,0.686075797561756295,-0.686075797561756295,0.686075797561756295,-0.686075797561756295,-0.686075797561756295,-0.686075797561756295,0.000173409820471358
6,full_diag_l0,810,-0.686075797561756295,0.686075797561756295,0.686075797561756295,-0.686075797561756295,-0.686075797561756295,0.686075797561756295,-0.686075797561756295,0.686075797561756295,-0.686075797561756295,-0.686075797561756295,0.686075797561756295,0.000173409820471358
6,full_diag_l0,811,-0.686075797561756295,0.686075797561756295,0.686075797561756295,-0.686075797561756295,-0.686075797561756295,0.686075797561756295,-0.686075797561756295,0.686075797561756295,-0.686075797561756295,0.686075797561756295,-0.686075797561756295,0.000173409820471358
6,full_diag_l0,812,-0.686075797561756295,0.686075797561756295,0.686075797561756295,-0.686075797561756295,-0.686075797561756295,0.686075797561756295,-0.686075797561756295,0.686075797561756295,-0.686075797561756295,0.686075797561756295,0.686075797561756295,0.000173409820471358
6,full_diag_l0,813,-0.686075797561756295,0.686075797561756295,0.686075797561756295,-0.686075797561756295,-0.686075797561756295,0.686075797561756295,-0.686075797561756295,0.686075797561756295,0.686075797561756295,-0.686075797561756295,-0.686075797561756295,0.000173409820471358
6,full_diag_l0,814,-0.686075797561756295,0.686075797561756295,0.686075797561756295,-0.686075797561756295,-0.686075797561756295,0.686075797561756295,-0.686075797561756295,0.686075797561756295,0.686075797561756295,-0.686075797561756295,0.686075797561756295,0.000173409820471358
6,full_diag_l0,815,-0.686075797561756295,0.686075797561756295,0.686075797561756295,-0.686075797561756295,-0.686075797561756295,0.686075797561756295,-0.686075797561756295,0.686075797561756295,0.686075797561756295,0.686075797561756295,-0.686075797561756295,0.000173409820471358
6,full_diag_l0,816,-0.686075797561756295,0.686075797561756295,0.686075797561756295,-0.686075797561756295,-0.686075797561756295,0.686075797561756295,-0.686075797561756295,0.686075797561756295,0.686075797561756295,0.686075797561756295,0.686075797561756295,0.000173409820471358
6,full_diag_l0,817,-0.686075797561756295,0.686075797561756295,0.686075797561756295,-0.686075797561756295,-0.686075797561756295,0.686075797561756295,0.686075797561756295,-0.686075797561756295,-0.686075797561756295,-0.686075797561756295,-0.686075797561756295,0.000173409820471358
6,full_diag_l0,818,-0.686075797561756295,0.686075797561756295,0.686075797561756295,-0.686075797561756295,-0.686075797561756295,0.686075797561756295,0.686075797561756295,-0.686075797561756295,-0.686075797561756295,-0.686075797561756295,0.686075797561756295,0.000173409820471358
6,full_diag_l0,819,-0.686075797561756295,0.686075797561756295,0.686075797561756295,-0.686075797561756295,-0.686075797561756295,0.686075797561756295,0.686075797561756295,-0.686075797561756295,-0.686075797561756295,0.686075797561756295,-0.686075797561756295,0.000173409820471358
6,full_diag_l0,820,-0.686075797561756295,0.686075797561756295,0.686075797561756295,-0.686075797561756295,-0.686075797561756295,0.686075797561756295,0.686075797561756295,-0.686075797561756295,-0.686075797561756295,0.686075797561756295,0.686075797561756295,0.000173409820471358
6,full_diag_l0,821,-0.686075797561756295,0.686075797561756295,0.686075797561756295,-0.686075797561756295,-0.686075797561756295,0.686075797561756295,0.686075797561756295,-0.686075797561756295,0.686075797561756295,-0.686075797561756295,-0.686075797561756295,0.000173409820471358
6,full_diag_l0,822,-0.686075797561756295,0.686075797561756295,0.686075797561756295,-0.686075797561756295,-0.686075797561756295,0.686075797561756295,0.686075797561756295,-0.686075797561756295,0.686075797561756295,-0.686075797561756295,0.686075797561756295,0.000173409820471358
6,full_diag_l0,823,-0.686075797561756295,0.686075797561756295,0.686075797561756295,-0.686075797561756295,-0.686075797561756295,0.686075797561756295,0.686075797561756295,-0.686075797561756295,0.686075797561756295,0.686075797561756295,-0.686075797561756295,0.000173409820471358
6,full_diag_l0,824,-0.686075797561756295,0.686075797561756295,0.686075797561756295,-0.686075797561756295,-0.686075797561756295,0.686075797561756295,0.686075797561756295,-0.686075797561756295,0.686075797561756295,0.686075797561756295,0.686075797561756295,0.000173409820471358
6,full_diag_l0,825,-0.686075797561756295,0.686075797561756295,0.686075797561756295,-0.686075797561756295,-0.686075797561756295,0.686075797561756295,0.686075797561756295,0.686075797561756295,-0.686075797561756295,-0.686075797561756295,-0.686075797561756295,0.000173409820471358
6,full_diag_l0,826,-0.686075797561756295,0.686075797561756295,0.686075797561756295,-0.686075797561756295,-0.686075797561756295,0.686075797561756295,0.686075797561756295,0.686075797561756295,-0.686075797561756295,-0.686075797561756295,0.686075797561756295,0.000173409820471358
6,full_diag_l0,827,-0.686075797561756295,0.686075797561756295,0.686075797561756295,-0.686075797561756295,-0.686075797561756295,0.686075797561756295,0.686075797561756295,0.686075797561756295,-0.686075797561756295,0.686075797561756295,-0.686075797561756295,0.000173409820471358
6,full_diag_l0,828,-0.686075797561756295,0.686075797561756295,0.686075797561756295,-0.686075797561756295,-0.686075797561756295,0.686075797561756295,0.686075797561756295,0.686075797561756295,-0.686075797561756295,0.686075797561756295,0.686075797561756295,0.000173409820471358
6,full_diag_l0,829,-0.686075797561756295,0.686075797561756295,0.686075797561756295,-0.686075797561756295,-0.686075797561756295,0.686075797561756295,0.686075797561756295,0.686075797561756295,0.686075797561756295,-0.686075797561756295,-0.686075797561756295,0.000173409820471358
6,full_diag_l0,830,-0.686075797561756295,0.686075797561756295,0.686075797561756295,-0.686075797561756295,-0.686075797561756295,0.686075797561756295,0.686075797561756295,0.686075797561756295,0.686075797561756295,-0.686075797561756295,0.686075797561756295,0.000173409820471358
6,full_diag_l0,831,-0.686075797561756295,0.686075797561756295,0.686075797561756295,-0.686075797561756295,-0.686075797561756295,0.686075797561756295,0.686075797561756295,0.686075797561756295,0.686075797561756295,0.686075797561756295,-0.686075797561756295,0.000173409820471358
6,full_diag_l0,832,-0.686075797561756295,0.686075797561756295,0.686075797561756295,-0.686075797561756295,-0.686075797561756295,0.686075797561756295,0.686075797561756295,0.686075797561756295,0.686075797561756295,0.686075797561756295,0.686075797561756295,0.000173409820471358
6,full_diag_l0,833,-0.686075797561756295,0.686075797561756295,0.686075797561756295,-0.686075797561756295,0.686075797561756295,-0.686075797561756295,-0.686075797561756295,-0.686075797561756295,-0.686075797561756295,-0.686075797561756295,-0.686075797561756295,0.000173409820471358
6,full_diag_l0,834,-0.686075797561756295,0.686075797561756295,0.686075797561756295,-0.686075797561756295,0.686075797561756295,-0.686075797561756295,-0.686075797561756295,-0.686075797561756295,-0.686075797561756295,-0.686075797561756295,0.686075797561756295,0.000173409820471358
6,full_diag_l0,835,-0.686075797561756295,0.686075797561756295,0.686075797561756295,-0.686075797561756295,0.686075797561756295,-0.686075797561756295,-0.686075797561756295,-0.686075797561756295,-0.686075797561756295,0.686075797561756295,-0.686075797561756295,0.000173409820471358
6,full_diag_l0,836,-0.686075797561756295,0.686075797561756295,0.686075797561756295,-0.686075797561756295,0.686075797561756295,-0.686075797561756295,-0.686075797561756295,-0.686075797561756295,-0.686075797561756295,0.686075797561756295,0.686075797561756295,0.000173409820471358
6,full_diag_l0,837,-0.686075797561756295,0.686075797561756295,0.686075797561756295,-0.686075797561756295,0.686075797561756295,-0.686075797561756295,-0.686075797561756295,-0.686075797561756295,0.686075797561756295,-0.686075797561756295,-0.686075797561756295,0.000173409820471358
6,full_diag_l0,838,-0.686075797561756295,0.686075797561756295,0.686075797561756295,-0.686075797561756295,0.686075797561756295,-0.686075797561756295,-0.686075797561756295,-0.686075797561756295,0.686075797561756295,-0.686075797561756295,0.686075797561756295,0.000173409820471358
6,full_diag_l0,839,-0.686075797561756295,0.686075797561756295,0.686075797561756295,-0.686075797561756295,0.686075797561756295,-0.686075797561756295,-0.686075797561756295,-0.686075797561756295,0.686075797561756295,0.686075797561756295,-0.686075797561756295,0.000173409820471358
6,full_diag_l0,840,-0.686075797561756295,0.686075797561756295,0.686075797561756295,-0.686075797561756295,0.686075797561756295,-0.686075797561756295,-0.686075797561756295,-0.686075797561756295,0.686075797561756295,0.686075797561756295,0.686075797561756295,0.000173409820471358
6,full_diag_l0,841,-0.686075797561756295,0.686075797561756295,0.686075797561756295,-0.686075797561756295,0.686075797561756295,-0.686075797561756295,-0.686075797561756295,0.686075797561756295,-0.686075797561756295,-0.686075797561756295,-0.686075797561756295,0.000173409820471358
6,full_diag_l0,842,-0.686075797561756295,0.686075797561756295,0.686075797561756295,-0.686075797561756295,0.686075797561756295,-0.686075797561756295,-0.686075797561756295,0.686075797561756295,-0.686075797561756295,-0.686075797561756295,0.686075797561756295,0.000173409820471358
6,full_diag_l0,843,-0.686075797561756295,0.686075797561756295,0.686075797561756295,-0.686075797561756295,0.686075797561756295,-0.686075797561756295,-0.686075797561756295,0.686075797561756295,-0.686075797561756295,0.686075797561756295,-0.686075797561756295,0.000173409820471358
6,full_diag_l0,844,-0.686075797561756295,0.686075797561756295,0.686075797561756295,-0.686075797561756295,0.686075797561756295,-0.686075797561756295,-0.686075797561756295,0.686075797561756295,-0.686075797561756295,0.686075797561756295,0.686075797561756295,0.000173409820471358
6,full_diag_l0,845,-0.686075797561756295,0.686075797561756295,0.686075797561756295,-0.686075797561756295,0.686075797561756295,-0.686075797561756295,-0.686075797561756295,0.686075797561756295,0.686075797561756295,-0.686075797561756295,-0.686075797561756295,0.000173409820471358
6,full_diag_l0,846,-0.686075797561756295,0.686075797561756295,0.686075797561756295,-0.686075797561756295,0.686075797561756295,-0.686075797561756295,-0.686075797561756295,0.686075797561756295,0.686075797561756295,-0.686075797561756295,0.686075797561756295,0.000173409820471358
6,full_diag_l0,847,-0.686075797561756295,0.686075797561756295,0.686075797561756295,-0.686075797561756295,0.686075797561756295,-0.686075797561756295,-0.686075797561756295,0.686075797561756295,0.686075797561756295,0.686075797561756295,-0.686075797561756295,0.000173409820471358
6,full_diag_l0,848,-0.686075797561756295,0.686075797561756295,0.686075797561756295,-0.686075797561756295,0.686075797561756295,-0.686075797561756295,-0.686075797561756295,0.686075797561756295,0.686075797561756295,0.686075797561756295,0.686075797561756295,0.000173409820471358
6,full_diag_l0,849,-0.686075797561756295,0.686075797561756295,0.686075797561756295,-0.686075797561756295,0.686075797561756295,-0.686075797561756295,0.686075797561756295,-0.686075797561756295,-0.686075797561756295,-0.686075797561756295,-0.686075797561756295,0.000173409820471358
6,full_diag_l0,850,-0.686075797561756295,0.686075797561756295,0.686075797561756295,-0.686075797561756295,0.686075797561756295,-0.686075797561756295,0.686075797561756295,-0.686075797561756295,-0.686075797561756295,-0.686075797561756295,0.686075797561756295,0.000173409820471358
6,full_diag_l0,851,-0.686075797561756295,0.686075797561756295,0.686075797561756295,-0.686075797561756295,0.686075797561756295,-0.686075797561756295,0.686075797561756295,-0.686075797561756295,-0.686075797561756295,0.686075797561756295,-0.686075797561756295,0.000173409820471358
6,full_diag_l0,852,-0.686075797561756295,0.686075797561756295,0.686075797561756295,-0.686075797561756295,0.686075797561756295,-0.686075797561756295,0.686075797561756295,-0.686075797561756295,-0.686075797561756295,0.686075797561756295,0.686075797561756295,0.000173409820471358
6,full_diag_l0,853,-0.686075797561756295,0.686075797561756295,0.686075797561756295,-0.686075797561756295,0.686075797561756295,-0.686075797561756295,0.686075797561756295,-0.686075797561756295,0.686075797561756295,-0.686075797561756295,-0.686075797561756295,0.000173409820471358
6,full_diag_l0,854,-0.686075797561756295,0.686075797561756295,0.686075797561756295,-0.686075797561756295,0.686075797561756295,-0.686075797561756295,0.686075797561756295,-0.686075797561756295,0.686075797561756295,-0.686075797561756295,0.686075797561756295,0.000173409820471358
6,full_diag_l0,855,-0.686075797561756295,0.686075797561756295,0.686075797561756295,-0.686075797561756295,0.686075797561756295,-0.686075797561756295,0.686075797561756295,-0.686075797561756295,0.686075797561756295,0.686075797561756295,-0.686075797561756295,0.000173409820471358
6,full_diag_l0,856,-0.686075797561756295,0.686075797561756295,0.686075797561756295,-0.686075797561756295,0.686075797561756295,-0.686075797561756295,0.686075797561756295,-0.686075797561756295,0.686075797561756295,0.686075797561756295,0.686075797561756295,0.000173409820471358
6,full_diag_l0,857,-0.686075797561756295,0.686075797561756295,0.686075797561756295,-0.686075797561756295,0.686075797561756295,-0.686075797561756295,0.686075797561756295,0.686075797561756295,-0.686075797561756295,-0.686075797561756295,-0.686075797561756295,0.000173409820471358
6,full_diag_l0,858,-0.686075797561756295,0.686075797561756295,0.686075797561756295,-0.686075797561756295,0.686075797561756295,-0.686075797561756295,0.686075797561756295,0.686075797561756295,-0.686075797561756295,-0.686075797561756295,0.686075797561756295,0.000173409820471358
6,full_diag_l0,859,-0.686075797561756295,0.686075797561756295,0.686075797561756295,-0.686075797561756295,0.686075797561756295,-0.686075797561756295,0.686075797561756295,0.686075797561756295,-0.686075797561756295,0.686075797561756295,-0.686075797561756295,0.000173409820471358
6,full_diag_l0,860,-0.686075797561756295,0.686075797561756295,0.686075797561756295,-0.686075797561756295,0.686075797561756295,-0.686075797561756295,0.686075797561756295,0.686075797561756295,-0.686075797561756295,0.686075797561756295,0.686075797561756295,0.000173409820471358
6,full_diag_l0,861,-0.686075797561756295,0.686075797561756295,0.686075797561756295,-0.686075797561756295,0.686075797561756295,-0.686075797561756295,0.686075797561756295,0.686075797561756295,0.686075797561756295,-0.686075797561756295,-0.686075797561756295,0.000173409820471358
6,full_diag_l0,862,-0.686075797561756295,0.686075797561756295,0.686075797561756295,-0.686075797561756295,0.686075797561756295,-0.686075797561756295,0.686075797561756295,0.686075797561756295,0.686075797561756295,-0.686075797561756295,0.686075797561756295,0.000173409820471358
6,full_diag_l0,863,-0.686075797561756295,0.686075797561756295,0.686075797561756295,-0.686075797561756295,0.686075797561756295,-0.686075797561756295,0.686075797561756295,0.686075797561756295,0.686075797561756295,0.686075797561756295,-0.686075797561756295,0.000173409820471358
6,full_diag_l0,864,-0.686075797561756295,0.686075797561756295,0.686075797561756295,-0.686075797561756295,0.686075797561756295,-0.686075797561756295,0.686075797561756295,0.686075797561756295,0.686075797561756295,0.686075797561756295,0.686075797561756295,0.000173409820471358
6,full_diag_l0,865,-0.686075797561756295,0.686075797561756295,0.686075797561756295,-0.686075797561756295,0.686075797561756295,0.686075797561756295,-0.686075797561756295,-0.686075797561756295,-0.686075797561756295,-0.686075797561756295,-0.686075797561756295,0.000173409820471358
6,full_diag_l0,866,-0.686075797561756295,0.686075797561756295,0.686075797561756295,-0.686075797561756295,0.686075797561756295,0.686075797561756295,-0.686075797561756295,-0.686075797561756295,-0.686075797561756295,-0.686075797561756295,0.686075797561756295,0.000173409820471358
6,full_diag_l0,867,-0.686075797561756295,0.686075797561756295,0.686075797561756295,-0.686075797561756295,0.686075797561756295,0.686075797561756295,-0.686075797561756295,-0.686075797561756295,-0.686075797561756295,0.686075797561756295,-0.686075797561756295,0.000173409820471358
6,full_diag_l0,868,-0.686075797561756295,0.686075797561756295,0.686075797561756295,-0.686075797561756295,0.686075797561756295,0.686075797561756295,-0.686075797561756295,-0.686075797561756295,-0.686075797561756295,0.686075797561756295,0.686075797561756295,0.000173409820471358
6,full_diag_l0,869,-0.686075797561756295,0.686075797561756295,0.686075797561756295,-0.686075797561756295,0.686075797561756295,0.686075797561756295,-0.686075797561756295,-0.686075797561756295,0.686075797561756295,-0.686075797561756295,-0.686075797561756295,0.000173409820471358
6,full_diag_l0,870,-0.686075797561756295,0.686075797561756295,0.686075797561756295,-0.686075797561756295,0.686075797561756295,0.686075797561756295,-0.686075797561756295,-0.686075797561756295,0.686075797561756295,-0.686075797561756295,0.686075797561756295,0.000173409820471358
6,full_diag_l0,871,-0.686075797561756295,0.686075797561756295,0.686075797561756295,-0.686075797561756295,0.686075797561756295,0.686075797561756295,-0.686075797561756295,-0.686075797561756295,0.686075797561756295,0.686075797561756295,-0.686075797561756295,0.000173409820471358
6,full_diag_l0,872,-0.686075797561756295,0.686075797561756295,0.686075797561756295,-0.686075797561756295,0.686075797561756295,0.686075797561756295,-0.686075797561756295,-0.686075797561756295,0.686075797561756295,0.686075797561756295,0.686075797561756295,0.000173409820471358
6,full_diag_l0,873,-0.686075797561756295,0.686075797561756295,0.686075797561756295,-0.686075797561756295,0.686075797561756295,0.686075797561756295,-0.686075797561756295,0.686075797561756295,-0.686075797561756295,-0.686075797561756295,-0.686075797561756295,0.000173409820471358
6,full_diag_l0,874,-0.686075797561756295,0.686075797561756295,0.686075797561756295,-0.686075797561756295,0.686075797561756295,0.686075797561756295,-0.686075797561756295,0.686075797561756295,-0.686075797561756295,-0.686075797561756295,0.686075797561756295,0.000173409820471358
6,full_diag_l0,875,-0.686075797561756295,0.686075797561756295,0.686075797561756295,-0.686075797561756295,0.686075797561756295,0.686075797561756295,-0.686075797561756295,0.686075797561756295,-0.686075797561756295,0.686075797561756295,-0.686075797561756295,0.000173409820471358
6,full_diag_l0,876,-0.686075797561756295,0.686075797561756295,0.686075797561756295,-0.686075797561756295,0.686075797561756295,0.686075797561756295,-0.686075797561756295,0.686075797561756295,-0.686075797561756295,0.686075797561756295,0.686075797561756295,0.000173409820471358
6,full_diag_l0,877,-0.686075797561756295,0.686075797561756295,0.686075797561756295,-0.686075797561756295,0.686075797561756295,0.686075797561756295,-0.686075797561756295,0.686075797561756295,0.686075797561756295,-0.686075797561756295,-0.686075797561756295,0.000173409820471358
6,full_diag_l0,878,-0.686075797561756295,0.686075797561756295,0.686075797561756295,-0.686075797561756295,0.686075797561756295,0.686075797561756295,-0.686075797561756295,0.686075797561756295,0.686075797561756295,-0.686075797561756295,0.686075797561756295,0.000173409820471358
6,full_diag_l0,879,-0.686075797561756295,0.686075797561756295,0.686075797561756295,-0.686075797561756295,0.686075797561756295,0.686075797561756295,-0.686075797561756295,0.686075797561756295,0.686075797561756295,0.686075797561756295,-0.686075797561756295,0.000173409820471358
6,full_diag_l0,880,-0.686075797561756295,0.686075797561756295,0.686075797561756295,-0.686075797561756295,0.686075797561756295,0.686075797561756295,-0.686075797561756295,0.686075797561756295,0.686075797561756295,0.686075797561756295,0.686075797561756295,0.000173409820471358
6,full_diag_l0,881,-0.686075797561756295,0.686075797561756295,0.686075797561756295,-0.686075797561756295,0.686075797561756295,0.686075797561756295,0.686075797561756295,-0.686075797561756295,-0.686075797561756295,-0.686075797561756295,-0.686075797561756295,0.000173409820471358
6,full_diag_l0,882,-0.686075797561756295,0.686075797561756295,0.686075797561756295,-0.686075797561756295,0.686075797561756295,0.686075797561756295,0.686075797561756295,-0.686075797561756295,-0.686075797561756295,-0.686075797561756295,0.686075797561756295,0.000173409820471358
6,full_diag_l0,883,-0.686075797561756295,0.686075797561756295,0.686075797561756295,-0.686075797561756295,0.686075797561756295,0.686075797561756295,0.686075797561756295,-0.686075797561756295,-0.686075797561756295,0.686075797561756295,-0.686075797561756295,0.000173409820471358
6,full_diag_l0,884,-0.686075797561756295,0.686075797561756295,0.686075797561756295,-0.686075797561756295,0.686075797561756295,0.686075797561756295,0.686075797561756295,-0.686075797561756295,-0.686075797561756295,0.686075797561756295,0.686075797561756295,0.000173409820471358
6,full_diag_l0,885,-0.686075797561756295,0.686075797561756295,0.686075797561756295,-0.686075797561756295,0.686075797561756295,0.686075797561756295,0.686075797561756295,-0.686075797561756295,0.686075797561756295,-0.686075797561756295,-0.686075797561756295,0.000173409820471358
6,full_diag_l0,886,-0.686075797561756295,0.686075797561756295,0.686075797561756295,-0.686075797561756295,0.686075797561756295,0.686075797561756295,0.686075797561756295,-0.686075797561756295,0.686075797561756295,-0.686075797561756295,0.686075797561756295,0.000173409820471358
6,full_diag_l0,887,-0.686075797561756295,0.686075797561756295,0.686075797561756295,-0.686075797561756295,0.686075797561756295,0.686075797561756295,0.686075797561756295,-0.686075797561756295,0.686075797561756295,0.686075797561756295,-0.686075797561756295,0.000173409820471358
6,full_diag_l0,888,-0.686075797561756295,0.686075797561756295,0.686075797561756295,-0.686075797561756295,0.686075797561756295,0.686075797561756295,0.686075797561756295,-0.686075797561756295,0.686075797561756295,0.686075797561756295,0.686075797561756295,0.000173409820471358
6,full_diag_l0,889,-0.686075797561756295,0.686075797561756295,0.686075797561756295,-0.686075797561756295,0.686075797561756295,0.686075797561756295,0.686075797561756295,0.686075797561756295,-0.686075797561756295,-0.686075797561756295,-0.686075797561756295,0.000173409820471358
6,full_diag_l0,890,-0.686075797561756295,0.686075797561756295,0.686075797561756295,-0.686075797561756295,0.686075797561756295,0.686075797561756295,0.686075797561756295,0.686075797561756295,-0.686075797561756295,-0.686075797561756295,0.686075797561756295,0.000173409820471358
6,full_diag_l0,891,-0.686075797561756295,0.686075797561756295,0.686075797561756295,-0.686075797561756295,0.686075797561756295,0.686075797561756295,0.686075797561756295,0.686075797561756295,-0.686075797561756295,0.686075797561756295,-0.686075797561756295,0.000173409820471358
6,full_diag_l0,892,-0.686075797561756295,0.686075797561756295,0.686075797561756295,-0.686075797561756295,0.686075797561756295,0.686075797561756295,0.686075797561756295,0.686075797561756295,-0.686075797561756295,0.686075797561756295,0.686075797561756295,0.000173409820471358
6,full_diag_l0,893,-0.686075797561756295,0.686075797561756295,0.686075797561756295,-0.686075797561756295,0.686075797561756295,0.686075797561756295,0.686075797561756295,0.686075797561756295,0.686075797561756295,-0.686075797561756295,-0.686075797561756295,0.000173409820471358
6,full_diag_l0,894,-0.686075797561756295,0.686075797561756295,0.686075797561756295,-0.686075797561756295,0.686075797561756295,0.686075797561756295,0.686075797561756295,0.686075797561756295,0.686075797561756295,-0.686075797561756295,0.686075797561756295,0.000173409820471358
6,full_diag_l0,895,-0.686075797561756295,0.686075797561756295,0.686075797561756295,-0.686075797561756295,0.686075797561756295,0.686075797561756295,0.686075797561756295,0.686075797561756295,0.686075797561756295,0.686075797561756295,-0.686075797561756295,0.000173409820471358
6,full_diag_l0,896,-0.686075797561756295,0.686075797561756295,0.686075797561756295,-0.686075797561756295,0.686075797561756295,0.686075797561756295,0.686075797561756295,0.686075797561756295,0.686075797561756295,0.686075797561756295,0.686075797561756295,0.000173409820471358
6,full_diag_l0,897,-0.686075797561756295,0.686075797561756295,0.686075797561756295,0.686075797561756295,-0.686075797561756295,-0.686075797561756295,-0.686075797561756295,-0.686075797561756295,-0.686075797561756295,-0.686075797561756295,-0.686075797561756295,0.000173409820471358
6,full_diag_l0,898,-0.686075797561756295,0.686075797561756295,0.686075797561756295,0.686075797561756295,-0.686075797561756295,-0.686075797561756295,-0.686075797561756295,-0.686075797561756295,-0.686075797561756295,-0.686075797561756295,0.686075797561756295,0.000173409820471358
6,full_diag_l0,899,-0.686075797561756295,0.686075797561756295,0.686075797561756295,0.686075797561756295,-0.686075797561756295,-0.686075797561756295,-0.686075797561756295,-0.686075797561756295,-0.686075797561756295,0.686075797561756295,-0.686075797561756295,0.000173409820471358
6,full_diag_l0,900,-0.686075797561756295,0.686075797561756295,0.686075797561756295,0.686075797561756295,-0.686075797561756295,-0.686075797561756295,-0.686075797561756295,-0.686075797561756295,-0.686075797561756295,0.686075797561756295,0.686075797561756295,0.000173409820471358
6,full_diag_l0,901,-0.686075797561756295,0.686075797561756295,0.686075797561756295,0.686075797561756295,-0.686075797561756295,-0.686075797561756295,-0.686075797561756295,-0.686075797561756295,0.686075797561756295,-0.686075797561756295,-0.686075797561756295,0.000173409820471358
6,full_diag_l0,902,-0.686075797561756295,0.686075797561756295,0.686075797561756295,0.686075797561756295,-0.686075797561756295,-0.686075797561756295,-0.686075797561756295,-0.686075797561756295,0.686075797561756295,-0.686075797561756295,0.686075797561756295,0.000173409820471358
6,full_diag_l0,903,-0.686075797561756295,0.686075797561756295,0.686075797561756295,0.686075797561756295,-0.686075797561756295,-0.686075797561756295,-0.686075797561756295,-0.686075797561756295,0.686075797561756295,0.686075797561756295,-0.686075797561756295,0.000173409820471358
6,full_diag_l0,904,-0.686075797561756295,0.686075797561756295,0.686075797561756295,0.686075797561756295,-0.686075797561756295,-0.686075797561756295,-0.686075797561756295,-0.686075797561756295,0.686075797561756295,0.686075797561756295,0.686075797561756295,0.000173409820471358
6,full_diag_l0,905,-0.686075797561756295,0.686075797561756295,0.686075797561756295,0.686075797561756295,-0.686075797561756295,-0.686075797561756295,-0.686075797561756295,0.686075797561756295,-0.686075797561756295,-0.686075797561756295,-0.686075797561756295,0.000173409820471358
6,full_diag_l0,906,-0.686075797561756295,0.686075797561756295,0.686075797561756295,0.686075797561756295,-0.686075797561756295,-0.686075797561756295,-0.686075797561756295,0.686075797561756295,-0.686075797561756295,-0.686075797561756295,0.686075797561756295,0.000173409820471358
6,full_diag_l0,907,-0.686075797561756295,0.686075797561756295,0.686075797561756295,0.686075797561756295,-0.686075797561756295,-0.686075797561756295,-0.686075797561756295,0.686075797561756295,-0.686075797561756295,0.686075797561756295,-0.686075797561756295,0.000173409820471358
6,full_diag_l0,908,-0.686075797561756295,0.686075797561756295,0.686075797561756295,0.686075797561756295,-0.686075797561756295,-0.686075797561756295,-0.686075797561756295,0.686075797561756295,-0.686075797561756295,0.686075797561756295,0.686075797561756295,0.000173409820471358
6,full_diag_l0,909,-0.686075797561756295,0.686075797561756295,0.686075797561756295,0.686075797561756295,-0.686075797561756295,-0.686075797561756295,-0.686075797561756295,0.686075797561756295,0.686075797561756295,-0.686075797561756295,-0.686075797561756295,0.000173409820471358
6,full_diag_l0,910,-0.686075797561756295,0.686075797561756295,0.686075797561756295,0.686075797561756295,-0.686075797561756295,-0.686075797561756295,-0.686075797561756295,0.686075797561756295,0.686075797561756295,-0.686075797561756295,0.686075797561756295,0.000173409820471358
6,full_diag_l0,911,-0.686075797561756295,0.686075797561756295,0.686075797561756295,0.686075797561756295,-0.686075797561756295,-0.686075797561756295,-0.686075797561756295,0.686075797561756295,0.686075797561756295,0.686075797561756295,-0.686075797561756295,0.000173409820471358
6,full_diag_l0,912,-0.686075797561756295,0.686075797561756295,0.686075797561756295,0.686075797561756295,-0.686075797561756295,-0.686075797561756295,-0.686075797561756295,0.686075797561756295,0.686075797561756295,0.686075797561756295,0.686075797561756295,0.000173409820471358
6,full_diag_l0,913,-0.686075797561756295,0.686075797561756295,0.686075797561756295,0.686075797561756295,-0.686075797561756295,-0.686075797561756295,0.686075797561756295,-0.686075797561756295,-0.686075797561756295,-0.686075797561756295,-0.686075797561756295,0.000173409820471358
6,full_diag_l0,914,-0.686075797561756295,0.686075797561756295,0.686075797561756295,0.686075797561756295,-0.686075797561756295,-0.686075797561756295,0.686075797561756295,-0.686075797561756295,-0.686075797561756295,-0.686075797561756295,0.686075797561756295,0.000173409820471358
6,full_diag_l0,915,-0.686075797561756295,0.686075797561756295,0.686075797561756295,0.686075797561756295,-0.686075797561756295,-0.686075797561756295,0.686075797561756295,-0.686075797561756295,-0.686075797561756295,0.686075797561756295,-0.686075797561756295,0.000173409820471358
6,full_diag_l0,916,-0.686075797561756295,0.686075797561756295,0.686075797561756295,0.686075797561756295,-0.686075797561756295,-0.686075797561756295,0.686075797561756295,-0.686075797561756295,-0.686075797561756295,0.686075797561756295,0.686075797561756295,0.000173409820471358
6,full_diag_l0,917,-0.686075797561756295,0.686075797561756295,0.686075797561756295,0.686075797561756295,-0.686075797561756295,-0.686075797561756295,0.686075797561756295,-0.686075797561756295,0.686075797561756295,-0.686075797561756295,-0.686075797561756295,0.000173409820471358
6,full_diag_l0,918,-0.686075797561756295,0.686075797561756295,0.686075797561756295,0.686075797561756295,-0.686075797561756295,-0.686075797561756295,0.686075797561756295,-0.686075797561756295,0.686075797561756295,-0.686075797561756295,0.686075797561756295,0.000173409820471358
6,full_diag_l0,919,-0.686075797561756295,0.686075797561756295,0.686075797561756295,0.686075797561756295,-0.686075797561756295,-0.686075797561756295,0.686075797561756295,-0.686075797561756295,0.686075797561756295,0.686075797561756295,-0.686075797561756295,0.000173409820471358
6,full_diag_l0,920,-0.686075797561756295,0.686075797561756295,0.686075797561756295,0.686075797561756295,-0.686075797561756295,-0.686075797561756295,0.686075797561756295,-0.686075797561756295,0.686075797561756295,0.686075797561756295,0.686075797561756295,0.000173409820471358
6,full_diag_l0,921,-0.686075797561756295,0.686075797561756295,0.686075797561756295,0.686075797561756295,-0.686075797561756295,-0.686075797561756295,0.686075797561756295,0.686075797561756295,-0.686075797561756295,-0.686075797561756295,-0.686075797561756295,0.000173409820471358
6,full_diag_l0,922,-0.686075797561756295,0.686075797561756295,0.686075797561756295,0.686075797561756295,-0.686075797561756295,-0.686075797561756295,0.686075797561756295,0.686075797561756295,-0.686075797561756295,-0.686075797561756295,0.686075797561756295,0.000173409820471358
6,full_diag_l0,923,-0.686075797561756295,0.686075797561756295,0.686075797561756295,0.686075797561756295,-0.686075797561756295,-0.686075797561756295,0.686075797561756295,0.686075797561756295,-0.686075797561756295,0.686075797561756295,-0.686075797561756295,0.000173409820471358
6,full_diag_l0,924,-0.686075797561756295,0.686075797561756295,0.686075797561756295,0.686075797561756295,-0.686075797561756295,-0.686075797561756295,0.686075797561756295,0.686075797561756295,-0.686075797561756295,0.686075797561756295,0.686075797561756295,0.000173409820471358
6,full_diag_l0,925,-0.686075797561756295,0.686075797561756295,0.686075797561756295,0.686075797561756295,-0.686075797561756295,-0.686075797561756295,0.686075797561756295,0.686075797561756295,0.686075797561756295,-0.686075797561756295,-0.686075797561756295,0.000173409820471358
6,full_diag_l0,926,-0.686075797561756295,0.686075797561756295,0.686075797561756295,0.686075797561756295,-0.686075797561756295,-0.686075797561756295,0.686075797561756295,0.686075797561756295,0.686075797561756295,-0.686075797561756295,0.686075797561756295,0.000173409820471358
6,full_diag_l0,927,-0.686075797561756295,0.686075797561756295,0.686075797561756295,0.686075797561756295,-0.686075797561756295,-0.686075797561756295,0.686075797561756295,0.686075797561756295,0.686075797561756295,0.686075797561756295,-0.686075797561756295,0.000173409820471358
6,full_diag_l0,928,-0.686075797561756295,0.686075797561756295,0.686075797561756295,0.686075797561756295,-0.686075797561756295,-0.686075797561756295,0.686075797561756295,0.686075797561756295,0.686075797561756295,0.686075797561756295,0.686075797561756295,0.000173409820471358
6,full_diag_l0,929,-0.686075797561756295,0.686075797561756295,0.686075797561756295,0.686075797561756295,-0.686075797561756295,0.686075797561756295,-0.686075797561756295,-0.686075797561756295,-0.686075797561756295,-0.686075797561756295,-0.686075797561756295,0.000173409820471358
6,full_diag_l0,930,-0.686075797561756295,0.686075797561756295,0.686075797561756295,0.686075797561756295,-0.686075797561756295,0.686075797561756295,-0.686075797561756295,-0.686075797561756295,-0.686075797561756295,-0.686075797561756295,0.686075797561756295,0.000173409820471358
6,full_diag_l0,931,-0.686075797561756295,0.686075797561756295,0.686075797561756295,0.686075797561756295,-0.686075797561756295,0.686075797561756295,-0.686075797561756295,-0.686075797561756295,-0.686075797561756295,0.686075797561756295,-0.686075797561756295,0.000173409820471358
6,full_diag_l0,932,-0.686075797561756295,0.686075797561756295,0.686075797561756295,0.686075797561756295,-0.686075797561756295,0.686075797561756295,-0.686075797561756295,-0.686075797561756295,-0.686075797561756295,0.686075797561756295,0.686075797561756295,0.000173409820471358
6,full_diag_l0,933,-0.686075797561756295,0.686075797561756295,0.686075797561756295,0.686075797561756295,-0.686075797561756295,0.686075797561756295,-0.686075797561756295,-0.686075797561756295,0.686075797561756295,-0.686075797561756295,-0.686075797561756295,0.000173409820471358
6,full_diag_l0,934,-0.686075797561756295,0.686075797561756295,0.686075797561756295,0.686075797561756295,-0.686075797561756295,0.686075797561756295,-0.686075797561756295,-0.686075797561756295,0.686075797561756295,-0.686075797561756295,0.686075797561756295,0.000173409820471358
6,full_diag_l0,935,-0.686075797561756295,0.686075797561756295,0.686075797561756295,0.686075797561756295,-0.686075797561756295,0.686075797561756295,-0.686075797561756295,-0.686075797561756295,0.686075797561756295,0.686075797561756295,-0.686075797561756295,0.000173409820471358
6,full_diag_l0,936,-0.686075797561756295,0.686075797561756295,0.686075797561756295,0.686075797561756295,-0.686075797561756295,0.686075797561756295,-0.686075797561756295,-0.686075797561756295,0.686075797561756295,0.686075797561756295,0.686075797561756295,0.000173409820471358
6,full_diag_l0,937,-0.686075797561756295,0.686075797561756295,0.686075797561756295,0.686075797561756295,-0.686075797561756295,0.686075797561756295,-0.686075797561756295,0.686075797561756295,-0.686075797561756295,-0.686075797561756295,-0.686075797561756295,0.000173409820471358
6,full_diag_l0,938,-0.686075797561756295,0.686075797561756295,0.686075797561756295,0.686075797561756295,-0.686075797561756295,0.686075797561756295,-0.686075797561756295,0.686075797561756295,-0.686075797561756295,-0.686075797561756295,0.686075797561756295,0.000173409820471358
6,full_diag_l0,939,-0.686075797561756295,0.686075797561756295,0.686075797561756295,0.686075797561756295,-0.686075797561756295,0.686075797561756295,-0.686075797561756295,0.686075797561756295,-0.686075797561756295,0.686075797561756295,-0.686075797561756295,0.000173409820471358
6,full_diag_l0,940,-0.686075797561756295,0.686075797561756295,0.686075797561756295,0.686075797561756295,-0.686075797561756295,0.686075797561756295,-0.686075797561756295,0.686075797561756295,-0.686075797561756295,0.686075797561756295,0.686075797561756295,0.000173409820471358
6,full_diag_l0,941,-0.686075797561756295,0.686075797561756295,0.686075797561756295,0.686075797561756295,-0.686075797561756295,0.686075797561756295,-0.686075797561756295,0.686075797561756295,0.686075797561756295,-0.686075797561756295,-0.686075797561756295,0.000173409820471358
6,full_diag_l0,942,-0.686075797561756295,0.686075797561756295,0.686075797561756295,0.686075797561756295,-0.686075797561756295,0.686075797561756295,-0.686075797561756295,0.686075797561756295,0.686075797561756295,-0.686075797561756295,0.686075797561756295,0.000173409820471358
6,full_diag_l0,943,-0.686075797561756295,0.686075797561756295,0.686075797561756295,0.686075797561756295,-0.686075797561756295,0.686075797561756295,-0.686075797561756295,0.686075797561756295,0.686075797561756295,0.686075797561756295,-0.686075797561756295,0.000173409820471358
6,full_diag_l0,944,-0.686075797561756295,0.686075797561756295,0.686075797561756295,0.686075797561756295,-0.686075797561756295,0.686075797561756295,-0.686075797561756295,0.686075797561756295,0.686075797561756295,0.686075797561756295,0.686075797561756295,0.000173409820471358
6,full_diag_l0,945,-0.686075797561756295,0.686075797561756295,0.686075797561756295,0.686075797561756295,-0.686075797561756295,0.686075797561756295,0.686075797561756295,-0.686075797561756295,-0.686075797561756295,-0.686075797561756295,-0.686075797561756295,0.000173409820471358
6,full_diag_l0,946,-0.686075797561756295,0.686075797561756295,0.686075797561756295,0.686075797561756295,-0.686075797561756295,0.686075797561756295,0.686075797561756295,-0.686075797561756295,-0.686075797561756295,-0.686075797561756295,0.686075797561756295,0.000173409820471358
6,full_diag_l0,947,-0.686075797561756295,0.686075797561756295,0.686075797561756295,0.686075797561756295,-0.686075797561756295,0.686075797561756295,0.686075797561756295,-0.686075797561756295,-0.686075797561756295,0.686075797561756295,-0.686075797561756295,0.000173409820471358
6,full_diag_l0,948,-0.686075797561756295,0.686075797561756295,0.686075797561756295,0.686075797561756295,-0.686075797561756295,0.686075797561756295,0.686075797561756295,-0.686075797561756295,-0.686075797561756295,0.686075797561756295,0.686075797561756295,0.000173409820471358
6,full_diag_l0,949,-0.686075797561756295,0.686075797561756295,0.686075797561756295,0.686075797561756295,-0.686075797561756295,0.686075797561756295,0.686075797561756295,-0.686075797561756295,0.686075797561756295,-0.686075797561756295,-0.686075797561756295,0.000173409820471358
6,full_diag_l0,950,-0.686075797561756295,0.686075797561756295,0.686075797561756295,0.686075797561756295,-0.686075797561756295,0.686075797561756295,0.686075797561756295,-0.686075797561756295,0.686075797561756295,-0.686075797561756295,0.686075797561756295,0.000173409820471358
6,full_diag_l0,951,-0.686075797561756295,0.686075797561756295,0.686075797561756295,0.686075797561756295,-0.686075797561756295,0.686075797561756295,0.686075797561756295,-0.686075797561756295,0.686075797561756295,0.686075797561756295,-0.686075797561756295,0.000173409820471358
6,full_diag_l0,952,-0.686075797561756295,0.686075797561756295,0.686075797561756295,0.686075797561756295,-0.686075797561756295,0.686075797561756295,0.686075797561756295,-0.686075797561756295,0.686075797561756295,0.686075797561756295,0.686075797561756295,0.000173409820471358
6,full_diag_l0,953,-0.686075797561756295,0.686075797561756295,0.686075797561756295,0.686075797561756295,-0.686075797561756295,0.686075797561756295,0.686075797561756295,0.686075797561756295,-0.686075797561756295,-0.686075797561756295,-0.686075797561756295,0.000173409820471358
6,full_diag_l0,954,-0.686075797561756295,0.686075797561756295,0.686075797561756295,0.686075797561756295,-0.686075797561756295,0.686075797561756295,0.686075797561756295,0.686075797561756295,-0.686075797561756295,-0.686075797561756295,0.686075797561756295,0.000173409820471358
6,full_diag_l0,955,-0.686075797561756295,0.686075797561756295,0.686075797561756295,0.686075797561756295,-0.686075797561756295,0.686075797561756295,0.686075797561756295,0.686075797561756295,-0.686075797561756295,0.686075797561756295,-0.686075797561756295,0.000173409820471358
6,full_diag_l0,956,-0.686075797561756295,0.686075797561756295,0.686075797561756295,0.686075797561756295,-0.686075797561756295,0.686075797561756295,0.686075797561756295,0.686075797561756295,-0.686075797561756295,0.686075797561756295,0.686075797561756295,0.000173409820471358
6,full_diag_l0,957,-0.686075797561756295,0.686075797561756295,0.686075797561756295,0.686075797561756295,-0.686075797561756295,0.686075797561756295,0.686075797561756295,0.686075797561756295,0.686075797561756295,-0.686075797561756295,-0.686075797561756295,0.000173409820471358
6,full_diag_l0,958,-0.686075797561756295,0.686075797561756295,0.686075797561756295,0.686075797561756295,-0.686075797561756295,0.686075797561756295,0.686075797561756295,0.686075797561756295,0.686075797561756295,-0.686075797561756295,0.686075797561756295,0.000173409820471358
6,full_diag_l0,959,-0.686075797561756295,0.686075797561756295,0.686075797561756295,0.686075797561756295,-0.686075797561756295,0.686075797561756295,0.686075797561756295,0.686075797561756295,0.686075797561756295,0.686075797561756295,-0.686075797561756295,0.000173409820471358
6,full_diag_l0,960,-0.686075797561756295,0.686075797561756295,0.686075797561756295,0.686075797561756295,-0.686075797561756295,0.686075797561756295,0.686075797561756295,0.686075797561756295,0.686075797561756295,0.686075797561756295,0.686075797561756295,0.000173409820471358
6,full_diag_l0,961,-0.686075797561756295,0.686075797561756295,0.686075797561756295,0.686075797561756295,0.686075797561756295,-0.686075797561756295,-0.686075797561756295,-0.686075797561756295,-0.686075797561756295,-0.686075797561756295,-0.686075797561756295,0.000173409820471358
6,full_diag_l0,962,-0.686075797561756295,0.686075797561756295,0.686075797561756295,0.686075797561756295,0.686075797561756295,-0.686075797561756295,-0.686075797561756295,-0.686075797561756295,-0.686075797561756295,-0.686075797561756295,0.686075797561756295,0.000173409820471358
6,full_diag_l0,963,-0.686075797561756295,0.686075797561756295,0.686075797561756295,0.686075797561756295,0.686075797561756295,-0.686075797561756295,-0.686075797561756295,-0.686075797561756295,-0.686075797561756295,0.686075797561756295,-0.686075797561756295,0.000173409820471358
6,full_diag_l0,964,-0.686075797561756295,0.686075797561756295,0.686075797561756295,0.686075797561756295,0.686075797561756295,-0.686075797561756295,-0.686075797561756295,-0.686075797561756295,-0.686075797561756295,0.686075797561756295,0.686075797561756295,0.000173409820471358
6,full_diag_l0,965,-0.686075797561756295,0.686075797561756295,0.686075797561756295,0.686075797561756295,0.686075797561756295,-0.686075797561756295,-0.686075797561756295,-0.686075797561756295,0.686075797561756295,-0.686075797561756295,-0.686075797561756295,0.000173409820471358
6,full_diag_l0,966,-0.686075797561756295,0.686075797561756295,0.686075797561756295,0.686075797561756295,0.686075797561756295,-0.686075797561756295,-0.686075797561756295,-0.686075797561756295,0.686075797561756295,-0.686075797561756295,0.686075797561756295,0.000173409820471358
6,full_diag_l0,967,-0.686075797561756295,0.686075797561756295,0.686075797561756295,0.686075797561756295,0.686075797561756295,-0.686075797561756295,-0.686075797561756295,-0.686075797561756295,0.686075797561756295,0.686075797561756295,-0.686075797561756295,0.000173409820471358
6,full_diag_l0,968,-0.686075797561756295,0.686075797561756295,0.686075797561756295,0.686075797561756295,0.686075797561756295,-0.686075797561756295,-0.686075797561756295,-0.686075797561756295,0.686075797561756295,0.686075797561756295,0.686075797561756295,0.000173409820471358
6,full_diag_l0,969,-0.686075797561756295,0.686075797561756295,0.686075797561756295,0.686075797561756295,0.686075797561756295,-0.686075797561756295,-0.686075797561756295,0.686075797561756295,-0.686075797561756295,-0.686075797561756295,-0.686075797561756295,0.000173409820471358
6,full_diag_l0,970,-0.686075797561756295,0.686075797561756295,0.686075797561756295,0.686075797561756295,0.686075797561756295,-0.686075797561756295,-0.686075797561756295,0.686075797561756295,-0.686075797561756295,-0.686075797561756295,0.686075797561756295,0.000173409820471358
6,full_diag_l0,971,-0.686075797561756295,0.686075797561756295,0.686075797561756295,0.686075797561756295,0.686075797561756295,-0.686075797561756295,-0.686075797561756295,0.686075797561756295,-0.686075797561756295,0.686075797561756295,-0.686075797561756295,0.000173409820471358
6,full_diag_l0,972,-0.686075797561756295,0.686075797561756295,0.686075797561756295,0.686075797561756295,0.686075797561756295,-0.686075797561756295,-0.686075797561756295,0.686075797561756295,-0.686075797561756295,0.686075797561756295,0.686075797561756295,0.000173409820471358
6,full_diag_l0,973,-0.686075797561756295,0.686075797561756295,0.686075797561756295,0.686075797561756295,0.686075797561756295,-0.686075797561756295,-0.686075797561756295,0.686075797561756295,0.686075797561756295,-0.686075797561756295,-0.686075797561756295,0.000173409820471358
6,full_diag_l0,974,-0.686075797561756295,0.686075797561756295,0.686075797561756295,0.686075797561756295,0.686075797561756295,-0.686075797561756295,-0.686075797561756295,0.686075797561756295,0.686075797561756295,-0.686075797561756295,0.686075797561756295,0.000173409820471358
6,full_diag_l0,975,-0.686075797561756295,0.686075797561756295,0.686075797561756295,0.686075797561756295,0.686075797561756295,-0.686075797561756295,-0.686075797561756295,0.686075797561756295,0.686075797561756295,0.686075797561756295,-0.686075797561756295,0.000173409820471358
6,full_diag_l0,976,-0.686075797561756295,0.686075797561756295,0.686075797561756295,0.686075797561756295,0.686075797561756295,-0.686075797561756295,-0.686075797561756295,0.686075797561756295,0.686075797561756295,0.686075797561756295,0.686075797561756295,0.000173409820471358
6,full_diag_l0,977,-0.686075797561756295,0.686075797561756295,0.686075797561756295,0.686075797561756295,0.686075797561756295,-0.686075797561756295,0.686075797561756295,-0.686075797561756295,-0.686075797561756295,-0.686075797561756295,-0.686075797561756295,0.000173409820471358
6,full_diag_l0,978,-0.686075797561756295,0.686075797561756295,0.686075797561756295,0.686075797561756295,0.686075797561756295,-0.686075797561756295,0.686075797561756295,-0.686075797561756295,-0.686075797561756295,-0.686075797561756295,0.686075797561756295,0.000173409820471358
6,full_diag_l0,979,-0.686075797561756295,0.686075797561756295,0.686075797561756295,0.686075797561756295,0.686075797561756295,-0.686075797561756295,0.686075797561756295,-0.686075797561756295,-0.686075797561756295,0.686075797561756295,-0.686075797561756295,0.000173409820471358
6,full_diag_l0,980,-0.686075797561756295,0.686075797561756295,0.686075797561756295,0.686075797561756295,0.686075797561756295,-0.686075797561756295,0.686075797561756295,-0.686075797561756295,-0.686075797561756295,0.686075797561756295,0.686075797561756295,0.000173409820471358
6,full_diag_l0,981,-0.686075797561756295,0.686075797561756295,0.686075797561756295,0.686075797561756295,0.686075797561756295,-0.686075797561756295,0.686075797561756295,-0.686075797561756295,0.686075797561756295,-0.686075797561756295,-0.686075797561756295,0.000173409820471358
6,full_diag_l0,982,-0.686075797561756295,0.686075797561756295,0.686075797561756295,0.686075797561756295,0.686075797561756295,-0.686075797561756295,0.686075797561756295,-0.686075797561756295,0.686075797561756295,-0.686075797561756295,0.686075797561756295,0.000173409820471358
6,full_diag_l0,983,-0.686075797561756295,0.686075797561756295,0.686075797561756295,0.686075797561756295,0.686075797561756295,-0.686075797561756295,0.686075797561756295,-0.686075797561756295,0.686075797561756295,0.686075797561756295,-0.686075797561756295,0.000173409820471358
6,full_diag_l0,984,-0.686075797561756295,0.686075797561756295,0.686075797561756295,0.686075797561756295,0.686075797561756295,-0.686075797561756295,0.686075797561756295,-0.686075797561756295,0.686075797561756295,0.686075797561756295,0.686075797561756295,0.000173409820471358
6,full_diag_l0,985,-0.686075797561756295,0.686075797561756295,0.686075797561756295,0.686075797561756295,0.686075797561756295,-0.686075797561756295,0.686075797561756295,0.686075797561756295,-0.686075797561756295,-0.686075797561756295,-0.686075797561756295,0.000173409820471358
6,full_diag_l0,986,-0.686075797561756295,0.686075797561756295,0.686075797561756295,0.686075797561756295,0.686075797561756295,-0.686075797561756295,0.686075797561756295,0.686075797561756295,-0.686075797561756295,-0.686075797561756295,0.686075797561756295,0.000173409820471358
6,full_diag_l0,987,-0.686075797561756295,0.686075797561756295,0.686075797561756295,0.686075797561756295,0.686075797561756295,-0.686075797561756295,0.686075797561756295,0.686075797561756295,-0.686075797561756295,0.686075797561756295,-0.686075797561756295,0.000173409820471358
6,full_diag_l0,988,-0.686075797561756295,0.686075797561756295,0.686075797561756295,0.686075797561756295,0.686075797561756295,-0.686075797561756295,0.686075797561756295,0.686075797561756295,-0.686075797561756295,0.686075797561756295,0.686075797561756295,0.000173409820471358
6,full_diag_l0,989,-0.686075797561756295,0.686075797561756295,0.686075797561756295,0.686075797561756295,0.686075797561756295,-0.686075797561756295,0.686075797561756295,0.686075797561756295,0.686075797561756295,-0.686075797561756295,-0.686075797561756295,0.000173409820471358
6,full_diag_l0,990,-0.686075797561756295,0.686075797561756295,0.686075797561756295,0.686075797561756295,0.686075797561756295,-0.686075797561756295,0.686075797561756295,0.686075797561756295,0.686075797561756295,-0.686075797561756295,0.686075797561756295,0.000173409820471358
6,full_diag_l0,991,-0.686075797561756295,0.686075797561756295,0.686075797561756295,0.686075797561756295,0.686075797561756295,-0.686075797561756295,0.686075797561756295,0.686075797561756295,0.686075797561756295,0.686075797561756295,-0.686075797561756295,0.000173409820471358
6,full_diag_l0,992,-0.686075797561756295,0.686075797561756295,0.686075797561756295,0.686075797561756295,0.686075797561756295,-0.686075797561756295,0.686075797561756295,0.686075797561756295,0.686075797561756295,0.686075797561756295,0.686075797561756295,0.000173409820471358
6,full_diag_l0,993,-0.686075797561756295,0.686075797561756295,0.686075797561756295,0.686075797561756295,0.686075797561756295,0.686075797561756295,-0.686075797561756295,-0.686075797561756295,-0.686075797561756295,-0.686075797561756295,-0.686075797561756295,0.000173409820471358
6,full_diag_l0,994,-0.686075797561756295,0.686075797561756295,0.686075797561756295,0.686075797561756295,0.686075797561756295,0.686075797561756295,-0.686075797561756295,-0.686075797561756295,-0.686075797561756295,-0.686075797561756295,0.686075797561756295,0.000173409820471358
6,full_diag_l0,995,-0.686075797561756295,0.686075797561756295,0.686075797561756295,0.686075797561756295,0.686075797561756295,0.686075797561756295,-0.686075797561756295,-0.686075797561756295,-0.686075797561756295,0.686075797561756295,-0.686075797561756295,0.000173409820471358
6,full_diag_l0,996,-0.686075797561756295,0.686075797561756295,0.686075797561756295,0.686075797561756295,0.686075797561756295,0.686075797561756295,-0.686075797561756295,-0.686075797561756295,-0.686075797561756295,0.686075797561756295,0.686075797561756295,0.000173409820471358
6,full_diag_l0,997,-0.686075797561756295,0.686075797561756295,0.686075797561756295,0.686075797561756295,0.686075797561756295,0.686075797561756295,-0.686075797561756295,-0.686075797561756295,0.686075797561756295,-0.686075797561756295,-0.686075797561756295,0.000173409820471358
6,full_diag_l0,998,-0.686075797561756295,0.686075797561756295,0.686075797561756295,0.686075797561756295,0.686075797561756295,0.686075797561756295,-0.686075797561756295,-0.686075797561756295,0.686075797561756295,-0.686075797561756295,0.686075797561756295,0.000173409820471358
6,full_diag_l0,999,-0.686075797561756295,0.686075797561756295,0.686075797561756295,0.686075797561756295,0.686075797561756295,0.686075797561756295,-0.686075797561756295,-0.686075797561756295,0.686075797561756295,0.686075797561756295,-0.686075797561756295,0.000173409820471358
6,full_diag_l0,1000,-0.686075797561756295,0.686075797561756295,0.686075797561756295,0.686075797561756295,0.686075797561756295,0.686075797561756295,-0.686075797561756295,-0.686075797561756295,0.686075797561756295,0.686075797561756295,0.686075797561756295,0.000173409820471358
6,full_diag_l0,1001,-0.686075797561756295,0.686075797561756295,0.686075797561756295,0.686075797561756295,0.686075797561756295,0.686075797561756295,-0.686075797561756295,0.686075797561756295,-0.686075797561756295,-0.686075797561756295,-0.686075797561756295,0.000173409820471358
6,full_diag_l0,1002,-0.686075797561756295,0.686075797561756295,0.686075797561756295,0.686075797561756295,0.686075797561756295,0.686075797561756295,-0.686075797561756295,0.686075797561756295,-0.686075797561756295,-0.686075797561756295,0.686075797561756295,0.000173409820471358
6,full_diag_l0,1003,-0.686075797561756295,0.686075797561756295,0.686075797561756295,0.686075797561756295,0.686075797561756295,0.686075797561756295,-0.686075797561756295,0.686075797561756295,-0.686075797561756295,0.686075797561756295,-0.686075797561756295,0.000173409820471358
6,full_diag_l0,1004,-0.686075797561756295,0.686075797561756295,0.686075797561756295,0.686075797561756295,0.686075797561756295,0.686075797561756295,-0.686075797561756295,0.686075797561756295,-0.686075797561756295,0.686075797561756295,0.686075797561756295,0.000173409820471358
6,full_diag_l0,1005,-0.686075797561756295,0.686075797561756295,0.686075797561756295,0.686075797561756295,0.686075797561756295,0.686075797561756295,-0.686075797561756295,0.686075797561756295,0.686075797561756295,-0.686075797561756295,-0.686075797561756295,0.000173409820471358
6,full_diag_l0,1006,-0.686075797561756295,0.686075797561756295,0.686075797561756295,0.686075797561756295,0.686075797561756295,0.686075797561756295,-0.686075797561756295,0.686075797561756295,0.686075797561756295,-0.686075797561756295,0.686075797561756295,0.000173409820471358
6,full_diag_l0,1007,-0.686075797561756295,0.686075797561756295,0.686075797561756295,0.686075797561756295,0.686075797561756295,0.686075797561756295,-0.686075797561756295,0.686075797561756295,0.686075797561756295,0.686075797561756295,-0.686075797561756295,0.000173409820471358
6,full_diag_l0,1008,-0.686075797561756295,0.686075797561756295,0.686075797561756295,0.686075797561756295,0.686075797561756295,0.686075797561756295,-0.686075797561756295,0.686075797561756295,0.686075797561756295,0.686075797561756295,0.686075797561756295,0.000173409820471358
6,full_diag_l0,1009,-0.686075797561756295,0.686075797561756295,0.686075797561756295,0.686075797561756295,0.686075797561756295,0.686075797561756295,0.686075797561756295,-0.686075797561756295,-0.686075797561756295,-0.686075797561756295,-0.686075797561756295,0.000173409820471358
6,full_diag_l0,1010,-0.686075797561756295,0.686075797561756295,0.686075797561756295,0.686075797561756295,0.686075797561756295,0.686075797561756295,0.686075797561756295,-0.686075797561756295,-0.686075797561756295,-0.686075797561756295,0.686075797561756295,0.000173409820471358
6,full_diag_l0,1011,-0.686075797561756295,0.686075797561756295,0.686075797561756295,0.686075797561756295,0.686075797561756295,0.686075797561756295,0.686075797561756295,-0.686075797561756295,-0.686075797561756295,0.686075797561756295,-0.686075797561756295,0.000173409820471358
6,full_diag_l0,1012,-0.686075797561756295,0.686075797561756295,0.686075797561756295,0.686075797561756295,0.686075797561756295,0.686075797561756295,0.686075797561756295,-0.686075797561756295,-0.686075797561756295,0.686075797561756295,0.686075797561756295,0.000173409820471358
6,full_diag_l0,1013,-0.686075797561756295,0.686075797561756295,0.686075797561756295,0.686075797561756295,0.686075797561756295,0.686075797561756295,0.686075797561756295,-0.686075797561756295,0.686075797561756295,-0.686075797561756295,-0.686075797561756295,0.000173409820471358
6,full_diag_l0,1014,-0.686075797561756295,0.686075797561756295,0.686075797561756295,0.686075797561756295,0.686075797561756295,0.686075797561756295,0.686075797561756295,-0.686075797561756295,0.686075797561756295,-0.686075797561756295,0.686075797561756295,0.000173409820471358
6,full_diag_l0,1015,-0.686075797561756295,0.686075797561756295,0.686075797561756295,0.686075797561756295,0.686075797561756295,0.686075797561756295,0.686075797561756295,-0.686075797561756295,0.686075797561756295,0.686075797561756295,-0.686075797561756295,0.000173409820471358
6,full_diag_l0,1016,-0.686075797561756295,0.686075797561756295,0.686075797561756295,0.686075797561756295,0.686075797561756295,0.686075797561756295,0.686075797561756295,-0.686075797561756295,0.686075797561756295,0.686075797561756295,0.686075797561756295,0.000173409820471358
6,full_diag_l0,1017,-0.686075797561756295,0.686075797561756295,0.686075797561756295,0.686075797561756295,0.686075797561756295,0.686075797561756295,0.686075797561756295,0.686075797561756295,-0.686075797561756295,-0.686075797561756295,-0.686075797561756295,0.000173409820471358
6,full_diag_l0,1018,-0.686075797561756295,0.686075797561756295,0.686075797561756295,0.686075797561756295,0.686075797561756295,0.686075797561756295,0.686075797561756295,0.686075797561756295,-0.686075797561756295,-0.686075797561756295,0.686075797561756295,0.000173409820471358
6,full_diag_l0,1019,-0.686075797561756295,0.686075797561756295,0.686075797561756295,0.686075797561756295,0.686075797561756295,0.686075797561756295,0.686075797561756295,0.686075797561756295,-0.686075797561756295,0.686075797561756295,-0.686075797561756295,0.000173409820471358
6,full_diag_l0,1020,-0.686075797561756295,0.686075797561756295,0.686075797561756295,0.686075797561756295,0.686075797561756295,0.686075797561756295,0.686075797561756295,0.686075797561756295,-0.686075797561756295,0.686075797561756295,0.686075797561756295,0.000173409820471358
6,full_diag_l0,1021,-0.686075797561756295,0.686075797561756295,0.686075797561756295,0.686075797561756295,0.686075797561756295,0.686075797561756295,0.686075797561756295,0.686075797561756295,0.686075797561756295,-0.686075797561756295,-0.686075797561756295,0.000173409820471358
6,full_diag_l0,1022,-0.686075797561756295,0.686075797561756295,0.686075797561756295,0.686075797561756295,0.686075797561756295,0.686075797561756295,0.686075797561756295,0.686075797561756295,0.686075797561756295,-0.686075797561756295,0.686075797561756295,0.000173409820471358
6,full_diag_l0,1023,-0.686075797561756295,0.686075797561756295,0.686075797561756295,0.686075797561756295,0.686075797561756295,0.686075797561756295,0.686075797561756295,0.686075797561756295,0.686075797561756295,0.686075797561756295,-0.686075797561756295,0.000173409820471358
6,full_diag_l0,1024,-0.686075797561756295,0.686075797561756295,0.686075797561756295,0.686075797561756295,0.686075797561756295,0.686075797561756295,0.686075797561756295,0.686075797561756295,0.686075797561756295,0.686075797561756295,0.686075797561756295,0.000173409820471358
6,full_diag_l0,1025,0.686075797561756295,-0.686075797561756295,-0.686075797561756295,-0.686075797561756295,-0.686075797561756295,-0.686075797561756295,-0.686075797561756295,-0.686075797561756295,-0.686075797561756295,-0.686075797561756295,-0.686075797561756295,0.000173409820471358
6,full_diag_l0,1026,0.686075797561756295,-0.686075797561756295,-0.686075797561756295,-0.686075797561756295,-0.686075797561756295,-0.686075797561756295,-0.686075797561756295,-0.686075797561756295,-0.686075797561756295,-0.686075797561756295,0.686075797561756295,0.000173409820471358
6,full_diag_l0,1027,0.686075797561756295,-0.686075797561756295,-0.686075797561756295,-0.686075797561756295,-0.686075797561756295,-0.686075797561756295,-0.686075797561756295,-0.686075797561756295,-0.686075797561756295,0.686075797561756295,-0.686075797561756295,0.000173409820471358
6,full_diag_l0,1028,0.686075797561756295,-0.686075797561756295,-0.686075797561756295,-0.686075797561756295,-0.686075797561756295,-0.686075797561756295,-0.686075797561756295,-0.686075797561756295,-0.686075797561756295,0.686075797561756295,0.686075797561756295,0.000173409820471358
6,full_diag_l0,1029,0.686075797561756295,-0.686075797561756295,-0.686075797561756295,-0.686075797561756295,-0.686075797561756295,-0.686075797561756295,-0.686075797561756295,-0.686075797561756295,0.686075797561756295,-0.686075797561756295,-0.686075797561756295,0.000173409820471358
6,full_diag_l0,1030,0.686075797561756295,-0.686075797561756295,-0.686075797561756295,-0.686075797561756295,-0.686075797561756295,-0.686075797561756295,-0.686075797561756295,-0.686075797561756295,0.686075797561756295,-0.686075797561756295,0.686075797561756295,0.000173409820471358
6,full_diag_l0,1031,0.686075797561756295,-0.686075797561756295,-0.686075797561756295,-0.686075797561756295,-0.686075797561756295,-0.686075797561756295,-0.686075797561756295,-0.686075797561756295,0.686075797561756295,0.686075797561756295,-0.686075797561756295,0.000173409820471358
6,full_diag_l0,1032,0.686075797561756295,-0.686075797561756295,-0.686075797561756295,-0.686075797561756295,-0.686075797561756295,-0.686075797561756295,-0.686075797561756295,-0.686075797561756295,0.686075797561756295,0.686075797561756295,0.686075797561756295,0.000173409820471358
6,full_diag_l0,1033,0.686075797561756295,-0.686075797561756295,-0.686075797561756295,-0.686075797561756295,-0.686075797561756295,-0.686075797561756295,-0.686075797561756295,0.686075797561756295,-0.686075797561756295,-0.686075797561756295,-0.686075797561756295,0.000173409820471358
6,full_diag_l0,1034,0.686075797561756295,-0.686075797561756295,-0.686075797561756295,-0.686075797561756295,-0.686075797561756295,-0.686075797561756295,-0.686075797561756295,0.686075797561756295,-0.686075797561756295,-0.686075797561756295,0.686075797561756295,0.000173409820471358
6,full_diag_l0,1035,0.686075797561756295,-0.686075797561756295,-0.686075797561756295,-0.686075797561756295,-0.686075797561756295,-0.686075797561756295,-0.686075797561756295,0.686075797561756295,-0.686075797561756295,0.686075797561756295,-0.686075797561756295,0.000173409820471358
6,full_diag_l0,1036,0.686075797561756295,-0.686075797561756295,-0.686075797561756295,-0.686075797561756295,-0.686075797561756295,-0.686075797561756295,-0.686075797561756295,0.686075797561756295,-0.686075797561756295,0.686075797561756295,0.686075797561756295,0.000173409820471358
6,full_diag_l0,1037,0.686075797561756295,-0.686075797561756295,-0.686075797561756295,-0.686075797561756295,-0.686075797561756295,-0.686075797561756295,-0.686075797561756295,0.686075797561756295,0.686075797561756295,-0.686075797561756295,-0.686075797561756295,0.000173409820471358
6,full_diag_l0,1038,0.686075797561756295,-0.686075797561756295,-0.686075797561756295,-0.686075797561756295,-0.686075797561756295,-0.686075797561756295,-0.686075797561756295,0.686075797561756295,0.686075797561756295,-0.686075797561756295,0.686075797561756295,0.000173409820471358
6,full_diag_l0,1039,0.686075797561756295,-0.686075797561756295,-0.686075797561756295,-0.686075797561756295,-0.686075797561756295,-0.686075797561756295,-0.686075797561756295,0.686075797561756295,0.686075797561756295,0.686075797561756295,-0.686075797561756295,0.000173409820471358
6,full_diag_l0,1040,0.686075797561756295,-0.686075797561756295,-0.686075797561756295,-0.686075797561756295,-0.686075797561756295,-0.686075797561756295,-0.686075797561756295,0.686075797561756295,0.686075797561756295,0.686075797561756295,0.686075797561756295,0.000173409820471358
6,full_diag_l0,1041,0.686075797561756295,-0.686075797561756295,-0.686075797561756295,-0.686075797561756295,-0.686075797561756295,-0.686075797561756295,0.686075797561756295,-0.686075797561756295,-0.686075797561756295,-0.686075797561756295,-0.686075797561756295,0.000173409820471358
6,full_diag_l0,1042,0.686075797561756295,-0.686075797561756295,-0.686075797561756295,-0.686075797561756295,-0.686075797561756295,-0.686075797561756295,0.686075797561756295,-0.686075797561756295,-0.686075797561756295,-0.686075797561756295,0.686075797561756295,0.000173409820471358
6,full_diag_l0,1043,0.686075797561756295,-0.686075797561756295,-0.686075797561756295,-0.686075797561756295,-0.686075797561756295,-0.686075797561756295,0.686075797561756295,-0.686075797561756295,-0.686075797561756295,0.686075797561756295,-0.686075797561756295,0.000173409820471358
6,full_diag_l0,1044,0.686075797561756295,-0.686075797561756295,-0.686075797561756295,-0.686075797561756295,-0.686075797561756295,-0.686075797561756295,0.686075797561756295,-0.686075797561756295,-0.686075797561756295,0.686075797561756295,0.686075797561756295,0.000173409820471358
6,full_diag_l0,1045,0.686075797561756295,-0.686075797561756295,-0.686075797561756295,-0.686075797561756295,-0.686075797561756295,-0.686075797561756295,0.686075797561756295,-0.686075797561756295,0.686075797561756295,-0.686075797561756295,-0.686075797561756295,0.000173409820471358
6,full_diag_l0,1046,0.686075797561756295,-0.686075797561756295,-0.686075797561756295,-0.686075797561756295,-0.686075797561756295,-0.686075797561756295,0.686075797561756295,-0.686075797561756295,0.686075797561756295,-0.686075797561756295,0.686075797561756295,0.000173409820471358
6,full_diag_l0,1047,0.686075797561756295,-0.686075797561756295,-0.686075797561756295,-0.686075797561756295,-0.686075797561756295,-0.686075797561756295,0.686075797561756295,-0.686075797561756295,0.686075797561756295,0.686075797561756295,-0.686075797561756295,0.000173409820471358
6,full_diag_l0,1048,0.686075797561756295,-0.686075797561756295,-0.686075797561756295,-0.686075797561756295,-0.686075797561756295,-0.686075797561756295,0.686075797561756295,-0.686075797561756295,0.686075797561756295,0.686075797561756295,0.686075797561756295,0.000173409820471358
6,full_diag_l0,1049,0.686075797561756295,-0.686075797561756295,-0.686075797561756295,-0.686075797561756295,-0.686075797561756295,-0.686075797561756295,0.686075797561756295,0.686075797561756295,-0.686075797561756295,-0.686075797561756295,-0.686075797561756295,0.000173409820471358
6,full_diag_l0,1050,0.686075797561756295,-0.686075797561756295,-0.686075797561756295,-0.686075797561756295,-0.686075797561756295,-0.686075797561756295,0.686075797561756295,0.686075797561756295,-0.686075797561756295,-0.686075797561756295,0.686075797561756295,0.000173409820471358
6,full_diag_l0,1051,0.686075797561756295,-0.686075797561756295,-0.686075797561756295,-0.686075797561756295,-0.686075797561756295,-0.686075797561756295,0.686075797561756295,0.686075797561756295,-0.686075797561756295,0.686075797561756295,-0.686075797561756295,0.000173409820471358
6,full_diag_l0,1052,0.686075797561756295,-0.686075797561756295,-0.686075797561756295,-0.686075797561756295,-0.686075797561756295,-0.686075797561756295,0.686075797561756295,0.686075797561756295,-0.686075797561756295,0.686075797561756295,0.686075797561756295,0.000173409820471358
6,full_diag_l0,1053,0.686075797561756295,-0.686075797561756295,-0.686075797561756295,-0.686075797561756295,-0.686075797561756295,-0.686075797561756295,0.686075797561756295,0.686075797561756295,0.686075797561756295,-0.686075797561756295,-0.686075797561756295,0.000173409820471358
6,full_diag_l0,1054,0.686075797561756295,-0.686075797561756295,-0.686075797561756295,-0.686075797561756295,-0.686075797561756295,-0.686075797561756295,0.686075797561756295,0.686075797561756295,0.686075797561756295,-0.686075797561756295,0.686075797561756295,0.000173409820471358
6,full_diag_l0,1055,0.686075797561756295,-0.686075797561756295,-0.686075797561756295,-0.686075797561756295,-0.686075797561756295,-0.686075797561756295,0.686075797561756295,0.686075797561756295,0.686075797561756295,0.686075797561756295,-0.686075797561756295,0.000173409820471358
6,full_diag_l0,1056,0.686075797561756295,-0.686075797561756295,-0.686075797561756295,-0.686075797561756295,-0.686075797561756295,-0.686075797561756295,0.686075797561756295,0.686075797561756295,0.686075797561756295,0.686075797561756295,0.686075797561756295,0.000173409820471358
6,full_diag_l0,1057,0.686075797561756295,-0.686075797561756295,-0.686075797561756295,-0.686075797561756295,-0.686075797561756295,0.686075797561756295,-0.686075797561756295,-0.686075797561756295,-0.686075797561756295,-0.686075797561756295,-0.686075797561756295,0.000173409820471358
6,full_diag_l0,1058,0.686075797561756295,-0.686075797561756295,-0.686075797561756295,-0.686075797561756295,-0.686075797561756295,0.686075797561756295,-0.686075797561756295,-0.686075797561756295,-0.686075797561756295,-0.686075797561756295,0.686075797561756295,0.000173409820471358
6,full_diag_l0,1059,0.686075797561756295,-0.686075797561756295,-0.686075797561756295,-0.686075797561756295,-0.686075797561756295,0.686075797561756295,-0.686075797561756295,-0.686075797561756295,-0.686075797561756295,0.686075797561756295,-0.686075797561756295,0.000173409820471358
6,full_diag_l0,1060,0.686075797561756295,-0.686075797561756295,-0.686075797561756295,-0.686075797561756295,-0.686075797561756295,0.686075797561756295,-0.686075797561756295,-0.686075797561756295,-0.686075797561756295,0.686075797561756295,0.686075797561756295,0.000173409820471358
6,full_diag_l0,1061,0.686075797561756295,-0.686075797561756295,-0.686075797561756295,-0.686075797561756295,-0.686075797561756295,0.686075797561756295,-0.686075797561756295,-0.686075797561756295,0.686075797561756295,-0.686075797561756295,-0.686075797561756295,0.000173409820471358
6,full_diag_l0,1062,0.686075797561756295,-0.686075797561756295,-0.686075797561756295,-0.686075797561756295,-0.686075797561756295,0.686075797561756295,-0.686075797561756295,-0.686075797561756295,0.686075797561756295,-0.686075797561756295,0.686075797561756295,0.000173409820471358
6,full_diag_l0,1063,0.686075797561756295,-0.686075797561756295,-0.686075797561756295,-0.686075797561756295,-0.686075797561756295,0.686075797561756295,-0.686075797561756295,-0.686075797561756295,0.686075797561756295,0.686075797561756295,-0.686075797561756295,0.000173409820471358
6,full_diag_l0,1064,0.686075797561756295,-0.686075797561756295,-0.686075797561756295,-0.686075797561756295,-0.686075797561756295,0.686075797561756295,-0.686075797561756295,-0.686075797561756295,0.686075797561756295,0.686075797561756295,0.686075797561756295,0.000173409820471358
6,full_diag_l0,1065,0.686075797561756295,-0.686075797561756295,-0.686075797561756295,-0.686075797561756295,-0.686075797561756295,0.686075797561756295,-0.686075797561756295,0.686075797561756295,-0.686075797561756295,-0.686075797561756295,-0.686075797561756295,0.000173409820471358
6,full_diag_l0,1066,0.686075797561756295,-0.686075797561756295,-0.686075797561756295,-0.686075797561756295,-0.686075797561756295,0.686075797561756295,-0.686075797561756295,0.686075797561756295,-0.686075797561756295,-0.686075797561756295,0.686075797561756295,0.000173409820471358
6,full_diag_l0,1067,0.686075797561756295,-0.686075797561756295,-0.686075797561756295,-0.686075797561756295,-0.686075797561756295,0.686075797561756295,-0.686075797561756295,0.686075797561756295,-0.686075797561756295,0.686075797561756295,-0.686075797561756295,0.000173409820471358
6,full_diag_l0,1068,0.686075797561756295,-0.686075797561756295,-0.686075797561756295,-0.686075797561756295,-0.686075797561756295,0.686075797561756295,-0.686075797561756295,0.686075797561756295,-0.686075797561756295,0.686075797561756295,0.686075797561756295,0.000173409820471358
6,full_diag_l0,1069,0.686075797561756295,-0.686075797561756295,-0.686075797561756295,-0.686075797561756295,-0.686075797561756295,0.686075797561756295,-0.686075797561756295,0.686075797561756295,0.686075797561756295,-0.686075797561756295,-0.686075797561756295,0.000173409820471358
6,full_diag_l0,1070,0.686075797561756295,-0.686075797561756295,-0.686075797561756295,-0.686075797561756295,-0.686075797561756295,0.686075797561756295,-0.686075797561756295,0.686075797561756295,0.686075797561756295,-0.686075797561756295,0.686075797561756295,0.000173409820471358
6,full_diag_l0,1071,0.686075797561756295,-0.686075797561756295,-0.686075797561756295,-0.686075797561756295,-0.686075797561756295,0.686075797561756295,-0.686075797561756295,0.686075797561756295,0.686075797561756295,0.686075797561756295,-0.686075797561756295,0.000173409820471358
6,full_diag_l0,1072,0.686075797561756295,-0.686075797561756295,-0.686075797561756295,-0.686075797561756295,-0.686075797561756295,0.686075797561756295,-0.686075797561756295,0.686075797561756295,0.686075797561756295,0.686075797561756295,0.686075797561756295,0.000173409820471358
6,full_diag_l0,1073,0.686075797561756295,-0.686075797561756295,-0.686075797561756295,-0.686075797561756295,-0.686075797561756295,0.686075797561756295,0.686075797561756295,-0.686075797561756295,-0.686075797561756295,-0.686075797561756295,-0.686075797561756295,0.000173409820471358
6,full_diag_l0,1074,0.686075797561756295,-0.686075797561756295,-0.686075797561756295,-0.686075797561756295,-0.686075797561756295,0.686075797561756295,0.686075797561756295,-0.686075797561756295,-0.686075797561756295,-0.686075797561756295,0.686075797561756295,0.000173409820471358
6,full_diag_l0,1075,0.686075797561756295,-0.686075797561756295,-0.686075797561756295,-0.686075797561756295,-0.686075797561756295,0.686075797561756295,0.686075797561756295,-0.686075797561756295,-0.686075797561756295,0.686075797561756295,-0.686075797561756295,0.000173409820471358
6,full_diag_l0,1076,0.686075797561756295,-0.686075797561756295,-0.686075797561756295,-0.686075797561756295,-0.686075797561756295,0.686075797561756295,0.686075797561756295,-0.686075797561756295,-0.686075797561756295,0.686075797561756295,0.686075797561756295,0.000173409820471358
6,full_diag_l0,1077,0.686075797561756295,-0.686075797561756295,-0.686075797561756295,-0.686075797561756295,-0.686075797561756295,0.686075797561756295,0.686075797561756295,-0.686075797561756295,0.686075797561756295,-0.686075797561756295,-0.686075797561756295,0.000173409820471358
6,full_diag_l0,1078,0.686075797561756295,-0.686075797561756295,-0.686075797561756295,-0.686075797561756295,-0.686075797561756295,0.686075797561756295,0.686075797561756295,-0.686075797561756295,0.686075797561756295,-0.686075797561756295,0.686075797561756295,0.000173409820471358
6,full_diag_l0,1079,0.686075797561756295,-0.686075797561756295,-0.686075797561756295,-0.686075797561756295,-0.686075797561756295,0.686075797561756295,0.686075797561756295,-0.686075797561756295,0.686075797561756295,0.686075797561756295,-0.686075797561756295,0.000173409820471358
6,full_diag_l0,1080,0.686075797561756295,-0.686075797561756295,-0.686075797561756295,-0.686075797561756295,-0.686075797561756295,0.686075797561756295,0.686075797561756295,-0.686075797561756295,0.686075797561756295,0.686075797561756295,0.686075797561756295,0.000173409820471358
6,full_diag_l0,1081,0.686075797561756295,-0.686075797561756295,-0.686075797561756295,-0.686075797561756295,-0.686075797561756295,0.686075797561756295,0.686075797561756295,0.686075797561756295,-0.686075797561756295,-0.686075797561756295,-0.686075797561756295,0.000173409820471358
6,full_diag_l0,1082,0.686075797561756295,-0.686075797561756295,-0.686075797561756295,-0.686075797561756295,-0.686075797561756295,0.686075797561756295,0.686075797561756295,0.686075797561756295,-0.686075797561756295,-0.686075797561756295,0.686075797561756295,0.000173409820471358
6,full_diag_l0,1083,0.686075797561756295,-0.686075797561756295,-0.686075797561756295,-0.686075797561756295,-0.686075797561756295,0.686075797561756295,0.686075797561756295,0.686075797561756295,-0.686075797561756295,0.686075797561756295,-0.686075797561756295,0.000173409820471358
6,full_diag_l0,1084,0.686075797561756295,-0.686075797561756295,-0.686075797561756295,-0.686075797561756295,-0.686075797561756295,0.686075797561756295,0.686075797561756295,0.686075797561756295,-0.686075797561756295,0.686075797561756295,0.686075797561756295,0.000173409820471358
6,full_diag_l0,1085,0.686075797561756295,-0.686075797561756295,-0.686075797561756295,-0.686075797561756295,-0.686075797561756295,0.686075797561756295,0.686075797561756295,0.686075797561756295,0.686075797561756295,-0.686075797561756295,-0.686075797561756295,0.000173409820471358
6,full_diag_l0,1086,0.686075797561756295,-0.686075797561756295,-0.686075797561756295,-0.686075797561756295,-0.686075797561756295,0.686075797561756295,0.686075797561756295,0.686075797561756295,0.686075797561756295,-0.686075797561756295,0.686075797561756295,0.000173409820471358
6,full_diag_l0,1087,0.686075797561756295,-0.686075797561756295,-0.686075797561756295,-0.686075797561756295,-0.686075797561756295,0.686075797561756295,0.686075797561756295,0.686075797561756295,0.686075797561756295,0.686075797561756295,-0.686075797561756295,0.000173409820471358
6,full_diag_l0,1088,0.686075797561756295,-0.686075797561756295,-0.686075797561756295,-0.686075797561756295,-0.686075797561756295,0.686075797561756295,0.686075797561756295,0.686075797561756295,0.686075797561756295,0.686075797561756295,0.686075797561756295,0.000173409820471358
6,full_diag_l0,1089,0.686075797561756295,-0.686075797561756295,-0.686075797561756295,-0.686075797561756295,0.686075797561756295,-0.686075797561756295,-0.686075797561756295,-0.686075797561756295,-0.686075797561756295,-0.686075797561756295,-0.686075797561756295,0.000173409820471358
6,full_diag_l0,1090,0.686075797561756295,-0.686075797561756295,-0.686075797561756295,-0.686075797561756295,0.686075797561756295,-0.686075797561756295,-0.686075797561756295,-0.686075797561756295,-0.686075797561756295,-0.686075797561756295,0.686075797561756295,0.000173409820471358
6,full_diag_l0,1091,0.686075797561756295,-0.686075797561756295,-0.686075797561756295,-0.686075797561756295,0.686075797561756295,-0.686075797561756295,-0.686075797561756295,-0.686075797561756295,-0.686075797561756295,0.686075797561756295,-0.686075797561756295,0.000173409820471358
6,full_diag_l0,1092,0.686075797561756295,-0.686075797561756295,-0.686075797561756295,-0.686075797561756295,0.686075797561756295,-0.686075797561756295,-0.686075797561756295,-0.686075797561756295,-0.686075797561756295,0.686075797561756295,0.686075797561756295,0.000173409820471358
6,full_diag_l0,1093,0.686075797561756295,-0.686075797561756295,-0.686075797561756295,-0.686075797561756295,0.686075797561756295,-0.686075797561756295,-0.686075797561756295,-0.686075797561756295,0.686075797561756295,-0.686075797561756295,-0.686075797561756295,0.000173409820471358
6,full_diag_l0,1094,0.686075797561756295,-0.686075797561756295,-0.686075797561756295,-0.686075797561756295,0.686075797561756295,-0.686075797561756295,-0.686075797561756295,-0.686075797561756295,0.686075797561756295,-0.686075797561756295,0.686075797561756295,0.000173409820471358
6,full_diag_l0,1095,0.686075797561756295,-0.686075797561756295,-0.686075797561756295,-0.686075797561756295,0.686075797561756295,-0.686075797561756295,-0.686075797561756295,-0.686075797561756295,0.686075797561756295,0.686075797561756295,-0.686075797561756295,0.000173409820471358
6,full_diag_l0,1096,0.686075797561756295,-0.686075797561756295,-0.686075797561756295,-0.686075797561756295,0.686075797561756295,-0.686075797561756295,-0.686075797561756295,-0.686075797561756295,0.686075797561756295,0.686075797561756295,0.686075797561756295,0.000173409820471358
6,full_diag_l0,1097,0.686075797561756295,-0.686075797561756295,-0.686075797561756295,-0.686075797561756295,0.686075797561756295,-0.686075797561756295,-0.686075797561756295,0.686075797561756295,-0.686075797561756295,-0.686075797561756295,-0.686075797561756295,0.000173409820471358
6,full_diag_l0,1098,0.686075797561756295,-0.686075797561756295,-0.686075797561756295,-0.686075797561756295,0.686075797561756295,-0.686075797561756295,-0.686075797561756295,0.686075797561756295,-0.686075797561756295,-0.686075797561756295,0.686075797561756295,0.000173409820471358
6,full_diag_l0,1099,0.686075797561756295,-0.686075797561756295,-0.686075797561756295,-0.686075797561756295,0.686075797561756295,-0.686075797561756295,-0.686075797561756295,0.686075797561756295,-0.686075797561756295,0.686075797561756295,-0.686075797561756295,0.000173409820471358
6,full_diag_l0,1100,0.686075797561756295,-0.686075797561756295,-0.686075797561756295,-0.686075797561756295,0.686075797561756295,-0.686075797561756295,-0.686075797561756295,0.686075797561756295,-0.686075797561756295,0.686075797561756295,0.686075797561756295,0.000173409820471358
6,full_diag_l0,1101,0.686075797561756295,-0.686075797561756295,-0.686075797561756295,-0.686075797561756295,0.686075797561756295,-0.686075797561756295,-0.686075797561756295,0.686075797561756295,0.686075797561756295,-0.686075797561756295,-0.686075797561756295,0.000173409820471358
6,full_diag_l0,1102,0.686075797561756295,-0.686075797561756295,-0.686075797561756295,-0.686075797561756295,0.686075797561756295,-0.686075797561756295,-0.686075797561756295,0.686075797561756295,0.686075797561756295,-0.686075797561756295,0.686075797561756295,0.000173409820471358
6,full_diag_l0,1103,0.686075797561756295,-0.686075797561756295,-0.686075797561756295,-0.686075797561756295,0.686075797561756295,-0.686075797561756295,-0.686075797561756295,0.686075797561756295,0.686075797561756295,0.686075797561756295,-0.686075797561756295,0.000173409820471358
6,full_diag_l0,1104,0.686075797561756295,-0.686075797561756295,-0.686075797561756295,-0.686075797561756295,0.686075797561756295,-0.686075797561756295,-0.686075797561756295,0.686075797561756295,0.686075797561756295,0.686075797561756295,0.686075797561756295,0.000173409820471358
6,full_diag_l0,1105,0.686075797561756295,-0.686075797561756295,-0.686075797561756295,-0.686075797561756295,0.686075797561756295,-0.686075797561756295,0.686075797561756295,-0.686075797561756295,-0.686075797561756295,-0.686075797561756295,-0.686075797561756295,0.000173409820471358
6,full_diag_l0,1106,0.686075797561756295,-0.686075797561756295,-0.686075797561756295,-0.686075797561756295,0.686075797561756295,-0.686075797561756295,0.686075797561756295,-0.686075797561756295,-0.686075797561756295,-0.686075797561756295,0.686075797561756295,0.000173409820471358
6,full_diag_l0,1107,0.686075797561756295,-0.686075797561756295,-0.686075797561756295,-0.686075797561756295,0.686075797561756295,-0.686075797561756295,0.686075797561756295,-0.686075797561756295,-0.686075797561756295,0.686075797561756295,-0.686075797561756295,0.000173409820471358
6,full_diag_l0,1108,0.686075797561756295,-0.686075797561756295,-0.686075797561756295,-0.686075797561756295,0.686075797561756295,-0.686075797561756295,0.686075797561756295,-0.686075797561756295,-0.686075797561756295,0.686075797561756295,0.686075797561756295,0.000173409820471358
6,full_diag_l0,1109,0.686075797561756295,-0.686075797561756295,-0.686075797561756295,-0.686075797561756295,0.686075797561756295,-0.686075797561756295,0.686075797561756295,-0.686075797561756295,0.686075797561756295,-0.686075797561756295,-0.686075797561756295,0.000173409820471358
6,full_diag_l0,1110,0.686075797561756295,-0.686075797561756295,-0.686075797561756295,-0.686075797561756295,0.686075797561756295,-0.686075797561756295,0.686075797561756295,-0.686075797561756295,0.686075797561756295,-0.686075797561756295,0.686075797561756295,0.000173409820471358
6,full_diag_l0,1111,0.686075797561756295,-0.686075797561756295,-0.686075797561756295,-0.686075797561756295,0.686075797561756295,-0.686075797561756295,0.686075797561756295,-0.686075797561756295,0.686075797561756295,0.686075797561756295,-0.686075797561756295,0.000173409820471358
6,full_diag_l0,1112,0.686075797561756295,-0.686075797561756295,-0.686075797561756295,-0.686075797561756295,0.686075797561756295,-0.686075797561756295,0.686075797561756295,-0.686075797561756295,0.686075797561756295,0.686075797561756295,0.686075797561756295,0.000173409820471358
6,full_diag_l0,1113,0.686075797561756295,-0.686075797561756295,-0.686075797561756295,-0.686075797561756295,0.686075797561756295,-0.686075797561756295,0.686075797561756295,0.686075797561756295,-0.686075797561756295,-0.686075797561756295,-0.686075797561756295,0.000173409820471358
6,full_diag_l0,1114,0.686075797561756295,-0.686075797561756295,-0.686075797561756295,-0.686075797561756295,0.686075797561756295,-0.686075797561756295,0.686075797561756295,0.686075797561756295,-0.686075797561756295,-0.686075797561756295,0.686075797561756295,0.000173409820471358
6,full_diag_l0,1115,0.686075797561756295,-0.686075797561756295,-0.686075797561756295,-0.686075797561756295,0.686075797561756295,-0.686075797561756295,0.686075797561756295,0.686075797561756295,-0.686075797561756295,0.686075797561756295,-0.686075797561756295,0.000173409820471358
6,full_diag_l0,1116,0.686075797561756295,-0.686075797561756295,-0.686075797561756295,-0.686075797561756295,0.686075797561756295,-0.686075797561756295,0.686075797561756295,0.686075797561756295,-0.686075797561756295,0.686075797561756295,0.686075797561756295,0.000173409820471358
6,full_diag_l0,1117,0.686075797561756295,-0.686075797561756295,-0.686075797561756295,-0.686075797561756295,0.686075797561756295,-0.686075797561756295,0.686075797561756295,0.686075797561756295,0.686075797561756295,-0.686075797561756295,-0.686075797561756295,0.000173409820471358
6,full_diag_l0,1118,0.686075797561756295,-0.686075797561756295,-0.686075797561756295,-0.686075797561756295,0.686075797561756295,-0.686075797561756295,0.686075797561756295,0.686075797561756295,0.686075797561756295,-0.686075797561756295,0.686075797561756295,0.000173409820471358
6,full_diag_l0,1119,0.686075797561756295,-0.686075797561756295,-0.686075797561756295,-0.686075797561756295,0.686075797561756295,-0.686075797561756295,0.686075797561756295,0.686075797561756295,0.686075797561756295,0.686075797561756295,-0.686075797561756295,0.000173409820471358
6,full_diag_l0,1120,0.686075797561756295,-0.686075797561756295,-0.686075797561756295,-0.686075797561756295,0.686075797561756295,-0.686075797561756295,0.686075797561756295,0.686075797561756295,0.686075797561756295,0.686075797561756295,0.686075797561756295,0.000173409820471358
6,full_diag_l0,1121,0.686075797561756295,-0.686075797561756295,-0.686075797561756295,-0.686075797561756295,0.686075797561756295,0.686075797561756295,-0.686075797561756295,-0.686075797561756295,-0.686075797561756295,-0.686075797561756295,-0.686075797561756295,0.000173409820471358
6,full_diag_l0,1122,0.686075797561756295,-0.686075797561756295,-0.686075797561756295,-0.686075797561756295,0.686075797561756295,0.686075797561756295,-0.686075797561756295,-0.686075797561756295,-0.686075797561756295,-0.686075797561756295,0.686075797561756295,0.000173409820471358
6,full_diag_l0,1123,0.686075797561756295,-0.686075797561756295,-0.686075797561756295,-0.686075797561756295,0.686075797561756295,0.686075797561756295,-0.686075797561756295,-0.686075797561756295,-0.686075797561756295,0.686075797561756295,-0.686075797561756295,0.000173409820471358
6,full_diag_l0,1124,0.686075797561756295,-0.686075797561756295,-0.686075797561756295,-0.686075797561756295,0.686075797561756295,0.686075797561756295,-0.686075797561756295,-0.686075797561756295,-0.686075797561756295,0.686075797561756295,0.686075797561756295,0.000173409820471358
6,full_diag_l0,1125,0.686075797561756295,-0.686075797561756295,-0.686075797561756295,-0.686075797561756295,0.686075797561756295,0.686075797561756295,-0.686075797561756295,-0.686075797561756295,0.686075797561756295,-0.686075797561756295,-0.686075797561756295,0.000173409820471358
6,full_diag_l0,1126,0.686075797561756295,-0.686075797561756295,-0.686075797561756295,-0.686075797561756295,0.686075797561756295,0.686075797561756295,-0.686075797561756295,-0.686075797561756295,0.686075797561756295,-0.686075797561756295,0.686075797561756295,0.000173409820471358
6,full_diag_l0,1127,0.686075797561756295,-0.686075797561756295,-0.686075797561756295,-0.686075797561756295,0.686075797561756295,0.686075797561756295,-0.686075797561756295,-0.686075797561756295,0.686075797561756295,0.686075797561756295,-0.686075797561756295,0.000173409820471358
6,full_diag_l0,1128,0.686075797561756295,-0.686075797561756295,-0.686075797561756295,-0.686075797561756295,0.686075797561756295,0.686075797561756295,-0.686075797561756295,-0.686075797561756295,0.686075797561756295,0.686075797561756295,0.686075797561756295,0.000173409820471358
6,full_diag_l0,1129,0.686075797561756295,-0.686075797561756295,-0.686075797561756295,-0.686075797561756295,0.686075797561756295,0.686075797561756295,-0.686075797561756295,0.686075797561756295,-0.686075797561756295,-0.686075797561756295,-0.686075797561756295,0.000173409820471358
6,full_diag_l0,1130,0.686075797561756295,-0.686075797561756295,-0.686075797561756295,-0.686075797561756295,0.686075797561756295,0.686075797561756295,-0.686075797561756295,0.686075797561756295,-0.686075797561756295,-0.686075797561756295,0.686075797561756295,0.000173409820471358
6,full_diag_l0,1131,0.686075797561756295,-0.686075797561756295,-0.686075797561756295,-0.686075797561756295,0.686075797561756295,0.686075797561756295,-0.686075797561756295,0.686075797561756295,-0.686075797561756295,0.686075797561756295,-0.686075797561756295,0.000173409820471358
6,full_diag_l0,1132,0.686075797561756295,-0.686075797561756295,-0.686075797561756295,-0.686075797561756295,0.686075797561756295,0.686075797561756295,-0.686075797561756295,0.686075797561756295,-0.686075797561756295,0.686075797561756295,0.686075797561756295,0.000173409820471358
6,full_diag_l0,1133,0.686075797561756295,-0.686075797561756295,-0.686075797561756295,-0.686075797561756295,0.686075797561756295,0.686075797561756295,-0.686075797561756295,0.686075797561756295,0.686075797561756295,-0.686075797561756295,-0.686075797561756295,0.000173409820471358
6,full_diag_l0,1134,0.686075797561756295,-0.686075797561756295,-0.686075797561756295,-0.686075797561756295,0.686075797561756295,0.686075797561756295,-0.686075797561756295,0.686075797561756295,0.686075797561756295,-0.686075797561756295,0.686075797561756295,0.000173409820471358
6,full_diag_l0,1135,0.686075797561756295,-0.686075797561756295,-0.686075797561756295,-0.686075797561756295,0.686075797561756295,0.686075797561756295,-0.686075797561756295,0.686075797561756295,0.686075797561756295,0.686075797561756295,-0.686075797561756295,0.000173409820471358
6,full_diag_l0,1136,0.686075797561756295,-0.686075797561756295,-0.686075797561756295,-0.686075797561756295,0.686075797561756295,0.686075797561756295,-0.686075797561756295,0.686075797561756295,0.686075797561756295,0.686075797561756295,0.686075797561756295,0.000173409820471358
6,full_diag_l0,1137,0.686075797561756295,-0.686075797561756295,-0.686075797561756295,-0.686075797561756295,0.686075797561756295,0.686075797561756295,0.686075797561756295,-0.686075797561756295,-0.686075797561756295,-0.686075797561756295,-0.686075797561756295,0.000173409820471358
6,full_diag_l0,1138,0.686075797561756295,-0.686075797561756295,-0.686075797561756295,-0.686075797561756295,0.686075797561756295,0.686075797561756295,0.686075797561756295,-0.686075797561756295,-0.686075797561756295,-0.686075797561756295,0.686075797561756295,0.000173409820471358
6,full_diag_l0,1139,0.686075797561756295,-0.686075797561756295,-0.686075797561756295,-0.686075797561756295,0.686075797561756295,0.686075797561756295,0.686075797561756295,-0.686075797561756295,-0.686075797561756295,0.686075797561756295,-0.686075797561756295,0.000173409820471358
6,full_diag_l0,1140,0.686075797561756295,-0.686075797561756295,-0.686075797561756295,-0.686075797561756295,0.686075797561756295,0.686075797561756295,0.686075797561756295,-0.686075797561756295,-0.686075797561756295,0.686075797561756295,0.686075797561756295,0.000173409820471358
6,full_diag_l0,1141,0.686075797561756295,-0.686075797561756295,-0.686075797561756295,-0.686075797561756295,0.686075797561756295,0.686075797561756295,0.686075797561756295,-0.686075797561756295,0.686075797561756295,-0.686075797561756295,-0.686075797561756295,0.000173409820471358
6,full_diag_l0,1142,0.686075797561756295,-0.686075797561756295,-0.686075797561756295,-0.686075797561756295,0.686075797561756295,0.686075797561756295,0.686075797561756295,-0.686075797561756295,0.686075797561756295,-0.686075797561756295,0.686075797561756295,0.000173409820471358
6,full_diag_l0,1143,0.686075797561756295,-0.686075797561756295,-0.686075797561756295,-0.686075797561756295,0.686075797561756295,0.686075797561756295,0.686075797561756295,-0.686075797561756295,0.686075797561756295,0.686075797561756295,-0.686075797561756295,0.000173409820471358
6,full_diag_l0,1144,0.686075797561756295,-0.686075797561756295,-0.686075797561756295,-0.686075797561756295,0.686075797561756295,0.686075797561756295,0.686075797561756295,-0.686075797561756295,0.686075797561756295,0.686075797561756295,0.686075797561756295,0.000173409820471358
6,full_diag_l0,1145,0.686075797561756295,-0.686075797561756295,-0.686075797561756295,-0.686075797561756295,0.686075797561756295,0.686075797561756295,0.686075797561756295,0.686075797561756295,-0.686075797561756295,-0.686075797561756295,-0.686075797561756295,0.000173409820471358
6,full_diag_l0,1146,0.686075797561756295,-0.686075797561756295,-0.686075797561756295,-0.686075797561756295,0.686075797561756295,0.686075797561756295,0.686075797561756295,0.686075797561756295,-0.686075797561756295,-0.686075797561756295,0.686075797561756295,0.000173409820471358
6,full_diag_l0,1147,0.686075797561756295,-0.686075797561756295,-0.686075797561756295,-0.686075797561756295,0.686075797561756295,0.686075797561756295,0.686075797561756295,0.686075797561756295,-0.686075797561756295,0.686075797561756295,-0.686075797561756295,0.000173409820471358
6,full_diag_l0,1148,0.686075797561756295,-0.686075797561756295,-0.686075797561756295,-0.686075797561756295,0.686075797561756295,0.686075797561756295,0.686075797561756295,0.686075797561756295,-0.686075797561756295,0.686075797561756295,0.686075797561756295,0.000173409820471358
6,full_diag_l0,1149,0.686075797561756295,-0.686075797561756295,-0.686075797561756295,-0.686075797561756295,0.686075797561756295,0.686075797561756295,0.686075797561756295,0.686075797561756295,0.686075797561756295,-0.686075797561756295,-0.686075797561756295,0.000173409820471358
6,full_diag_l0,1150,0.686075797561756295,-0.686075797561756295,-0.686075797561756295,-0.686075797561756295,0.686075797561756295,0.686075797561756295,0.686075797561756295,0.686075797561756295,0.686075797561756295,-0.686075797561756295,0.686075797561756295,0.000173409820471358
6,full_diag_l0,1151,0.686075797561756295,-0.686075797561756295,-0.686075797561756295,-0.686075797561756295,0.686075797561756295,0.686075797561756295,0.686075797561756295,0.686075797561756295,0.686075797561756295,0.686075797561756295,-0.686075797561756295,0.000173409820471358
6,full_diag_l0,1152,0.686075797561756295,-0.686075797561756295,-0.686075797561756295,-0.686075797561756295,0.686075797561756295,0.686075797561756295,0.686075797561756295,0.686075797561756295,0.686075797561756295,0.686075797561756295,0.686075797561756295,0.000173409820471358
6,full_diag_l0,1153,0.686075797561756295,-0.686075797561756295,-0.686075797561756295,0.686075797561756295,-0.686075797561756295,-0.686075797561756295,-0.686075797561756295,-0.686075797561756295,-0.686075797561756295,-0.686075797561756295,-0.686075797561756295,0.000173409820471358
6,full_diag_l0,1154,0.686075797561756295,-0.686075797561756295,-0.686075797561756295,0.686075797561756295,-0.686075797561756295,-0.686075797561756295,-0.686075797561756295,-0.686075797561756295,-0.686075797561756295,-0.686075797561756295,0.686075797561756295,0.000173409820471358
6,full_diag_l0,1155,0.686075797561756295,-0.686075797561756295,-0.686075797561756295,0.686075797561756295,-0.686075797561756295,-0.686075797561756295,-0.686075797561756295,-0.686075797561756295,-0.686075797561756295,0.686075797561756295,-0.686075797561756295,0.000173409820471358
6,full_diag_l0,1156,0.686075797561756295,-0.686075797561756295,-0.686075797561756295,0.686075797561756295,-0.686075797561756295,-0.686075797561756295,-0.686075797561756295,-0.686075797561756295,-0.686075797561756295,0.686075797561756295,0.686075797561756295,0.000173409820471358
6,full_diag_l0,1157,0.686075797561756295,-0.686075797561756295,-0.686075797561756295,0.686075797561756295,-0.686075797561756295,-0.686075797561756295,-0.686075797561756295,-0.686075797561756295,0.686075797561756295,-0.686075797561756295,-0.686075797561756295,0.000173409820471358
6,full_diag_l0,1158,0.686075797561756295,-0.686075797561756295,-0.686075797561756295,0.686075797561756295,-0.686075797561756295,-0.686075797561756295,-0.686075797561756295,-0.686075797561756295,0.686075797561756295,-0.686075797561756295,0.686075797561756295,0.000173409820471358
6,full_diag_l0,1159,0.686075797561756295,-0.686075797561756295,-0.686075797561756295,0.686075797561756295,-0.686075797561756295,-0.686075797561756295,-0.686075797561756295,-0.686075797561756295,0.686075797561756295,0.686075797561756295,-0.686075797561756295,0.000173409820471358
6,full_diag_l0,1160,0.686075797561756295,-0.686075797561756295,-0.686075797561756295,0.686075797561756295,-0.686075797561756295,-0.686075797561756295,-0.686075797561756295,-0.686075797561756295,0.686075797561756295,0.686075797561756295,0.686075797561756295,0.000173409820471358
6,full_diag_l0,1161,0.686075797561756295,-0.686075797561756295,-0.686075797561756295,0.686075797561756295,-0.686075797561756295,-0.686075797561756295,-0.686075797561756295,0.686075797561756295,-0.686075797561756295,-0.686075797561756295,-0.686075797561756295,0.000173409820471358
6,full_diag_l0,1162,0.686075797561756295,-0.686075797561756295,-0.686075797561756295,0.686075797561756295,-0.686075797561756295,-0.686075797561756295,-0.686075797561756295,0.686075797561756295,-0.686075797561756295,-0.686075797561756295,0.686075797561756295,0.000173409820471358
6,full_diag_l0,1163,0.686075797561756295,-0.686075797561756295,-0.686075797561756295,0.686075797561756295,-0.686075797561756295,-0.686075797561756295,-0.686075797561756295,0.686075797561756295,-0.686075797561756295,0.686075797561756295,-0.686075797561756295,0.000173409820471358
6,full_diag_l0,1164,0.686075797561756295,-0.686075797561756295,-0.686075797561756295,0.686075797561756295,-0.686075797561756295,-0.686075797561756295,-0.686075797561756295,0.686075797561756295,-0.686075797561756295,0.686075797561756295,0.686075797561756295,0.000173409820471358
6,full_diag_l0,1165,0.686075797561756295,-0.686075797561756295,-0.686075797561756295,0.686075797561756295,-0.686075797561756295,-0.686075797561756295,-0.686075797561756295,0.686075797561756295,0.686075797561756295,-0.686075797561756295,-0.686075797561756295,0.000173409820471358
6,full_diag_l0,1166,0.686075797561756295,-0.686075797561756295,-0.686075797561756295,0.686075797561756295,-0.686075797561756295,-0.686075797561756295,-0.686075797561756295,0.686075797561756295,0.686075797561756295,-0.686075797561756295,0.686075797561756295,0.000173409820471358
6,full_diag_l0,1167,0.686075797561756295,-0.686075797561756295,-0.686075797561756295,0.686075797561756295,-0.686075797561756295,-0.686075797561756295,-0.686075797561756295,0.686075797561756295,0.686075797561756295,0.686075797561756295,-0.686075797561756295,0.000173409820471358
6,full_diag_l0,1168,0.686075797561756295,-0.686075797561756295,-0.686075797561756295,0.686075797561756295,-0.686075797561756295,-0.686075797561756295,-0.686075797561756295,0.686075797561756295,0.686075797561756295,0.686075797561756295,0.686075797561756295,0.000173409820471358
6,full_diag_l0,1169,0.686075797561756295,-0.686075797561756295,-0.686075797561756295,0.686075797561756295,-0.686075797561756295,-0.686075797561756295,0.686075797561756295,-0.686075797561756295,-0.686075797561756295,-0.686075797561756295,-0.686075797561756295,0.000173409820471358
6,full_diag_l0,1170,0.686075797561756295,-0.686075797561756295,-0.686075797561756295,0.686075797561756295,-0.686075797561756295,-0.686075797561756295,0.686075797561756295,-0.686075797561756295,-0.686075797561756295,-0.686075797561756295,0.686075797561756295,0.000173409820471358
6,full_diag_l0,1171,0.686075797561756295,-0.686075797561756295,-0.686075797561756295,0.686075797561756295,-0.686075797561756295,-0.686075797561756295,0.686075797561756295,-0.686075797561756295,-0.686075797561756295,0.686075797561756295,-0.686075797561756295,0.000173409820471358
6,full_diag_l0,1172,0.686075797561756295,-0.686075797561756295,-0.686075797561756295,0.686075797561756295,-0.686075797561756295,-0.686075797561756295,0.686075797561756295,-0.686075797561756295,-0.686075797561756295,0.686075797561756295,0.686075797561756295,0.000173409820471358
6,full_diag_l0,1173,0.686075797561756295,-0.686075797561756295,-0.686075797561756295,0.686075797561756295,-0.686075797561756295,-0.686075797561756295,0.686075797561756295,-0.686075797561756295,0.686075797561756295,-0.686075797561756295,-0.686075797561756295,0.000173409820471358
6,full_diag_l0,1174,0.686075797561756295,-0.686075797561756295,-0.686075797561756295,0.686075797561756295,-0.686075797561756295,-0.686075797561756295,0.686075797561756295,-0.686075797561756295,0.686075797561756295,-0.686075797561756295,0.686075797561756295,0.000173409820471358
6,full_diag_l0,1175,0.686075797561756295,-0.686075797561756295,-0.686075797561756295,0.686075797561756295,-0.686075797561756295,-0.686075797561756295,0.686075797561756295,-0.686075797561756295,0.686075797561756295,0.686075797561756295,-0.686075797561756295,0.000173409820471358
6,full_diag_l0,1176,0.686075797561756295,-0.686075797561756295,-0.686075797561756295,0.686075797561756295,-0.686075797561756295,-0.686075797561756295,0.686075797561756295,-0.686075797561756295,0.686075797561756295,0.686075797561756295,0.686075797561756295,0.000173409820471358
6,full_diag_l0,1177,0.686075797561756295,-0.686075797561756295,-0.686075797561756295,0.686075797561756295,-0.686075797561756295,-0.686075797561756295,0.686075797561756295,0.686075797561756295,-0.686075797561756295,-0.686075797561756295,-0.686075797561756295,0.000173409820471358
6,full_diag_l0,1178,0.686075797561756295,-0.686075797561756295,-0.686075797561756295,0.686075797561756295,-0.686075797561756295,-0.686075797561756295,0.686075797561756295,0.686075797561756295,-0.686075797561756295,-0.686075797561756295,0.686075797561756295,0.000173409820471358
6,full_diag_l0,1179,0.686075797561756295,-0.686075797561756295,-0.686075797561756295,0.686075797561756295,-0.686075797561756295,-0.686075797561756295,0.686075797561756295,0.686075797561756295,-0.686075797561756295,0.686075797561756295,-0.686075797561756295,0.000173409820471358
6,full_diag_l0,1180,0.686075797561756295,-0.686075797561756295,-0.686075797561756295,0.686075797561756295,-0.686075797561756295,-0.686075797561756295,0.686075797561756295,0.686075797561756295,-0.686075797561756295,0.686075797561756295,0.686075797561756295,0.000173409820471358
6,full_diag_l0,1181,0.686075797561756295,-0.686075797561756295,-0.686075797561756295,0.686075797561756295,-0.686075797561756295,-0.686075797561756295,0.686075797561756295,0.686075797561756295,0.686075797561756295,-0.686075797561756295,-0.686075797561756295,0.000173409820471358
6,full_diag_l0,1182,0.686075797561756295,-0.686075797561756295,-0.686075797561756295,0.686075797561756295,-0.686075797561756295,-0.686075797561756295,0.686075797561756295,0.686075797561756295,0.686075797561756295,-0.686075797561756295,0.686075797561756295,0.000173409820471358
6,full_diag_l0,1183,0.686075797561756295,-0.686075797561756295,-0.686075797561756295,0.686075797561756295,-0.686075797561756295,-0.686075797561756295,0.686075797561756295,0.686075797561756295,0.686075797561756295,0.686075797561756295,-0.686075797561756295,0.000173409820471358
6,full_diag_l0,1184,0.686075797561756295,-0.686075797561756295,-0.686075797561756295,0.686075797561756295,-0.686075797561756295,-0.686075797561756295,0.686075797561756295,0.686075797561756295,0.686075797561756295,0.686075797561756295,0.686075797561756295,0.000173409820471358
6,full_diag_l0,1185,0.686075797561756295,-0.686075797561756295,-0.686075797561756295,0.686075797561756295,-0.686075797561756295,0.686075797561756295,-0.686075797561756295,-0.686075797561756295,-0.686075797561756295,-0.686075797561756295,-0.686075797561756295,0.000173409820471358
6,full_diag_l0,1186,0.686075797561756295,-0.686075797561756295,-0.686075797561756295,0.686075797561756295,-0.686075797561756295,0.686075797561756295,-0.686075797561756295,-0.686075797561756295,-0.686075797561756295,-0.686075797561756295,0.686075797561756295,0.000173409820471358
6,full_diag_l0,1187,0.686075797561756295,-0.686075797561756295,-0.686075797561756295,0.686075797561756295,-0.686075797561756295,0.686075797561756295,-0.686075797561756295,-0.686075797561756295,-0.686075797561756295,0.686075797561756295,-0.686075797561756295,0.000173409820471358
6,full_diag_l0,1188,0.686075797561756295,-0.686075797561756295,-0.686075797561756295,0.686075797561756295,-0.686075797561756295,0.686075797561756295,-0.686075797561756295,-0.686075797561756295,-0.686075797561756295,0.686075797561756295,0.686075797561756295,0.000173409820471358
6,full_diag_l0,1189,0.686075797561756295,-0.686075797561756295,-0.686075797561756295,0.686075797561756295,-0.686075797561756295,0.686075797561756295,-0.686075797561756295,-0.686075797561756295,0.686075797561756295,-0.686075797561756295,-0.686075797561756295,0.000173409820471358
6,full_diag_l0,1190,0.686075797561756295,-0.686075797561756295,-0.686075797561756295,0.686075797561756295,-0.686075797561756295,0.686075797561756295,-0.686075797561756295,-0.686075797561756295,0.686075797561756295,-0.686075797561756295,0.686075797561756295,0.000173409820471358
6,full_diag_l0,1191,0.686075797561756295,-0.686075797561756295,-0.686075797561756295,0.686075797561756295,-0.686075797561756295,0.686075797561756295,-0.686075797561756295,-0.686075797561756295,0.686075797561756295,0.686075797561756295,-0.686075797561756295,0.000173409820471358
6,full_diag_l0,1192,0.686075797561756295,-0.686075797561756295,-0.686075797561756295,0.686075797561756295,-0.686075797561756295,0.686075797561756295,-0.686075797561756295,-0.686075797561756295,0.686075797561756295,0.686075797561756295,0.686075797561756295,0.000173409820471358
6,full_diag_l0,1193,0.686075797561756295,-0.686075797561756295,-0.686075797561756295,0.686075797561756295,-0.686075797561756295,0.686075797561756295,-0.686075797561756295,0.686075797561756295,-0.686075797561756295,-0.686075797561756295,-0.686075797561756295,0.000173409820471358
6,full_diag_l0,1194,0.686075797561756295,-0.686075797561756295,-0.686075797561756295,0.686075797561756295,-0.686075797561756295,0.686075797561756295,-0.686075797561756295,0.686075797561756295,-0.686075797561756295,-0.686075797561756295,0.686075797561756295,0.000173409820471358
6,full_diag_l0,1195,0.686075797561756295,-0.686075797561756295,-0.686075797561756295,0.686075797561756295,-0.686075797561756295,0.686075797561756295,-0.686075797561756295,0.686075797561756295,-0.686075797561756295,0.686075797561756295,-0.686075797561756295,0.000173409820471358
6,full_diag_l0,1196,0.686075797561756295,-0.686075797561756295,-0.686075797561756295,0.686075797561756295,-0.686075797561756295,0.686075797561756295,-0.686075797561756295,0.686075797561756295,-0.686075797561756295,0.686075797561756295,0.686075797561756295,0.000173409820471358
6,full_diag_l0,1197,0.686075797561756295,-0.686075797561756295,-0.686075797561756295,0.686075797561756295,-0.686075797561756295,0.686075797561756295,-0.686075797561756295,0.686075797561756295,0.686075797561756295,-0.686075797561756295,-0.686075797561756295,0.000173409820471358
6,full_diag_l0,1198,0.686075797561756295,-0.686075797561756295,-0.686075797561756295,0.686075797561756295,-0.686075797561756295,0.686075797561756295,-0.686075797561756295,0.686075797561756295,0.686075797561756295,-0.686075797561756295,0.686075797561756295,0.000173409820471358
6,full_diag_l0,1199,0.686075797561756295,-0.686075797561756295,-0.686075797561756295,0.686075797561756295,-0.686075797561756295,0.686075797561756295,-0.686075797561756295,0.686075797561756295,0.686075797561756295,0.686075797561756295,-0.686075797561756295,0.000173409820471358
6,full_diag_l0,1200,0.686075797561756295,-0.686075797561756295,-0.686075797561756295,0.686075797561756295,-0.686075797561756295,0.686075797561756295,-0.686075797561756295,0.686075797561756295,0.686075797561756295,0.686075797561756295,0.686075797561756295,0.000173409820471358
6,full_diag_l0,1201,0.686075797561756295,-0.686075797561756295,-0.686075797561756295,0.686075797561756295,-0.686075797561756295,0.686075797561756295,0.686075797561756295,-0.686075797561756295,-0.686075797561756295,-0.686075797561756295,-0.686075797561756295,0.000173409820471358
6,full_diag_l0,1202,0.686075797561756295,-0.686075797561756295,-0.686075797561756295,0.686075797561756295,-0.686075797561756295,0.686075797561756295,0.686075797561756295,-0.686075797561756295,-0.686075797561756295,-0.686075797561756295,0.686075797561756295,0.000173409820471358
6,full_diag_l0,1203,0.686075797561756295,-0.686075797561756295,-0.686075797561756295,0.686075797561756295,-0.686075797561756295,0.686075797561756295,0.686075797561756295,-0.686075797561756295,-0.686075797561756295,0.686075797561756295,-0.686075797561756295,0.000173409820471358
6,full_diag_l0,1204,0.686075797561756295,-0.686075797561756295,-0.686075797561756295,0.686075797561756295,-0.686075797561756295,0.686075797561756295,0.686075797561756295,-0.686075797561756295,-0.686075797561756295,0.686075797561756295,0.686075797561756295,0.000173409820471358
6,full_diag_l0,1205,0.686075797561756295,-0.686075797561756295,-0.686075797561756295,0.686075797561756295,-0.686075797561756295,0.686075797561756295,0.686075797561756295,-0.686075797561756295,0.686075797561756295,-0.686075797561756295,-0.686075797561756295,0.000173409820471358
6,full_diag_l0,1206,0.686075797561756295,-0.686075797561756295,-0.686075797561756295,0.686075797561756295,-0.686075797561756295,0.686075797561756295,0.686075797561756295,-0.686075797561756295,0.686075797561756295,-0.686075797561756295,0.686075797561756295,0.000173409820471358
6,full_diag_l0,1207,0.686075797561756295,-0.686075797561756295,-0.686075797561756295,0.686075797561756295,-0.686075797561756295,0.686075797561756295,0.686075797561756295,-0.686075797561756295,0.686075797561756295,0.686075797561756295,-0.686075797561756295,0.000173409820471358
6,full_diag_l0,1208,0.686075797561756295,-0.686075797561756295,-0.686075797561756295,0.686075797561756295,-0.686075797561756295,0.686075797561756295,0.686075797561756295,-0.686075797561756295,0.686075797561756295,0.686075797561756295,0.686075797561756295,0.000173409820471358
6,full_diag_l0,1209,0.686075797561756295,-0.686075797561756295,-0.686075797561756295,0.686075797561756295,-0.686075797561756295,0.686075797561756295,0.686075797561756295,0.686075797561756295,-0.686075797561756295,-0.686075797561756295,-0.686075797561756295,0.000173409820471358
6,full_diag_l0,1210,0.686075797561756295,-0.686075797561756295,-0.686075797561756295,0.686075797561756295,-0.686075797561756295,0.686075797561756295,0.686075797561756295,0.686075797561756295,-0.686075797561756295,-0.686075797561756295,0.686075797561756295,0.000173409820471358
6,full_diag_l0,1211,0.686075797561756295,-0.686075797561756295,-0.686075797561756295,0.686075797561756295,-0.686075797561756295,0.686075797561756295,0.686075797561756295,0.686075797561756295,-0.686075797561756295,0.686075797561756295,-0.686075797561756295,0.000173409820471358
6,full_diag_l0,1212,0.686075797561756295,-0.686075797561756295,-0.686075797561756295,0.686075797561756295,-0.686075797561756295,0.686075797561756295,0.686075797561756295,0.686075797561756295,-0.686075797561756295,0.686075797561756295,0.686075797561756295,0.000173409820471358
6,full_diag_l0,1213,0.686075797561756295,-0.686075797561756295,-0.686075797561756295,0.686075797561756295,-0.686075797561756295,0.686075797561756295,0.686075797561756295,0.686075797561756295,0.686075797561756295,-0.686075797561756295,-0.686075797561756295,0.000173409820471358
6,full_diag_l0,1214,0.686075797561756295,-0.686075797561756295,-0.686075797561756295,0.686075797561756295,-0.686075797561756295,0.686075797561756295,0.686075797561756295,0.686075797561756295,0.686075797561756295,-0.686075797561756295,0.686075797561756295,0.000173409820471358
6,full_diag_l0,1215,0.686075797561756295,-0.686075797561756295,-0.686075797561756295,0.686075797561756295,-0.686075797561756295,0.686075797561756295,0.686075797561756295,0.686075797561756295,0.686075797561756295,0.686075797561756295,-0.686075797561756295,0.000173409820471358
6,full_diag_l0,1216,0.686075797561756295,-0.686075797561756295,-0.686075797561756295,0.686075797561756295,-0.686075797561756295,0.686075797561756295,0.686075797561756295,0.686075797561756295,0.686075797561756295,0.686075797561756295,0.686075797561756295,0.000173409820471358
6,full_diag_l0,1217,0.686075797561756295,-0.686075797561756295,-0.686075797561756295,0.686075797561756295,0.686075797561756295,-0.686075797561756295,-0.686075797561756295,-0.686075797561756295,-0.686075797561756295,-0.686075797561756295,-0.686075797561756295,0.000173409820471358
6,full_diag_l0,1218,0.686075797561756295,-0.686075797561756295,-0.686075797561756295,0.686075797561756295,0.686075797561756295,-0.686075797561756295,-0.686075797561756295,-0.686075797561756295,-0.686075797561756295,-0.686075797561756295,0.686075797561756295,0.000173409820471358
6,full_diag_l0,1219,0.686075797561756295,-0.686075797561756295,-0.686075797561756295,0.686075797561756295,0.686075797561756295,-0.686075797561756295,-0.686075797561756295,-0.686075797561756295,-0.686075797561756295,0.686075797561756295,-0.686075797561756295,0.000173409820471358
6,full_diag_l0,1220,0.686075797561756295,-0.686075797561756295,-0.686075797561756295,0.686075797561756295,0.686075797561756295,-0.686075797561756295,-0.686075797561756295,-0.686075797561756295,-0.686075797561756295,0.686075797561756295,0.686075797561756295,0.000173409820471358
6,full_diag_l0,1221,0.686075797561756295,-0.686075797561756295,-0.686075797561756295,0.686075797561756295,0.686075797561756295,-0.686075797561756295,-0.686075797561756295,-0.686075797561756295,0.686075797561756295,-0.686075797561756295,-0.686075797561756295,0.000173409820471358
6,full_diag_l0,1222,0.686075797561756295,-0.686075797561756295,-0.686075797561756295,0.686075797561756295,0.686075797561756295,-0.686075797561756295,-0.686075797561756295,-0.686075797561756295,0.686075797561756295,-0.686075797561756295,0.686075797561756295,0.000173409820471358
6,full_diag_l0,1223,0.686075797561756295,-0.686075797561756295,-0.686075797561756295,0.686075797561756295,0.686075797561756295,-0.686075797561756295,-0.686075797561756295,-0.686075797561756295,0.686075797561756295,0.686075797561756295,-0.686075797561756295,0.000173409820471358
6,full_diag_l0,1224,0.686075797561756295,-0.686075797561756295,-0.686075797561756295,0.686075797561756295,0.686075797561756295,-0.686075797561756295,-0.686075797561756295,-0.686075797561756295,0.686075797561756295,0.686075797561756295,0.686075797561756295,0.000173409820471358
6,full_diag_l0,1225,0.686075797561756295,-0.686075797561756295,-0.686075797561756295,0.686075797561756295,0.686075797561756295,-0.686075797561756295,-0.686075797561756295,0.686075797561756295,-0.686075797561756295,-0.686075797561756295,-0.686075797561756295,0.000173409820471358
6,full_diag_l0,1226,0.686075797561756295,-0.686075797561756295,-0.686075797561756295,0.686075797561756295,0.686075797561756295,-0.686075797561756295,-0.686075797561756295,0.686075797561756295,-0.686075797561756295,-0.686075797561756295,0.686075797561756295,0.000173409820471358
6,full_diag_l0,1227,0.686075797561756295,-0.686075797561756295,-0.686075797561756295,0.686075797561756295,0.686075797561756295,-0.686075797561756295,-0.686075797561756295,0.686075797561756295,-0.686075797561756295,0.686075797561756295,-0.686075797561756295,0.000173409820471358
6,full_diag_l0,1228,0.686075797561756295,-0.686075797561756295,-0.686075797561756295,0.686075797561756295,0.686075797561756295,-0.686075797561756295,-0.686075797561756295,0.686075797561756295,-0.686075797561756295,0.686075797561756295,0.686075797561756295,0.000173409820471358
6,full_diag_l0,1229,0.686075797561756295,-0.686075797561756295,-0.686075797561756295,0.686075797561756295,0.686075797561756295,-0.686075797561756295,-0.686075797561756295,0.686075797561756295,0.686075797561756295,-0.686075797561756295,-0.686075797561756295,0.000173409820471358
6,full_diag_l0,1230,0.686075797561756295,-0.686075797561756295,-0.686075797561756295,0.686075797561756295,0.686075797561756295,-0.686075797561756295,-0.686075797561756295,0.686075797561756295,0.686075797561756295,-0.686075797561756295,0.686075797561756295,0.000173409820471358
6,full_diag_l0,1231,0.686075797561756295,-0.686075797561756295,-0.686075797561756295,0.686075797561756295,0.686075797561756295,-0.686075797561756295,-0.686075797561756295,0.686075797561756295,0.686075797561756295,0.686075797561756295,-0.686075797561756295,0.000173409820471358
6,full_diag_l0,1232,0.686075797561756295,-0.686075797561756295,-0.686075797561756295,0.686075797561756295,0.686075797561756295,-0.686075797561756295,-0.686075797561756295,0.686075797561756295,0.686075797561756295,0.686075797561756295,0.686075797561756295,0.000173409820471358
6,full_diag_l0,1233,0.686075797561756295,-0.686075797561756295,-0.686075797561756295,0.686075797561756295,0.686075797561756295,-0.686075797561756295,0.686075797561756295,-0.686075797561756295,-0.686075797561756295,-0.686075797561756295,-0.686075797561756295,0.000173409820471358
6,full_diag_l0,1234,0.686075797561756295,-0.686075797561756295,-0.686075797561756295,0.686075797561756295,0.686075797561756295,-0.686075797561756295,0.686075797561756295,-0.686075797561756295,-0.686075797561756295,-0.686075797561756295,0.686075797561756295,0.000173409820471358
6,full_diag_l0,1235,0.686075797561756295,-0.686075797561756295,-0.686075797561756295,0.686075797561756295,0.686075797561756295,-0.686075797561756295,0.686075797561756295,-0.686075797561756295,-0.686075797561756295,0.686075797561756295,-0.686075797561756295,0.000173409820471358
6,full_diag_l0,1236,0.686075797561756295,-0.686075797561756295,-0.686075797561756295,0.686075797561756295,0.686075797561756295,-0.686075797561756295,0.686075797561756295,-0.686075797561756295,-0.686075797561756295,0.686075797561756295,0.686075797561756295,0.000173409820471358
6,full_diag_l0,1237,0.686075797561756295,-0.686075797561756295,-0.686075797561756295,0.686075797561756295,0.686075797561756295,-0.686075797561756295,0.686075797561756295,-0.686075797561756295,0.686075797561756295,-0.686075797561756295,-0.686075797561756295,0.000173409820471358
6,full_diag_l0,1238,0.686075797561756295,-0.686075797561756295,-0.686075797561756295,0.686075797561756295,0.686075797561756295,-0.686075797561756295,0.686075797561756295,-0.686075797561756295,0.686075797561756295,-0.686075797561756295,0.686075797561756295,0.000173409820471358
6,full_diag_l0,1239,0.686075797561756295,-0.686075797561756295,-0.686075797561756295,0.686075797561756295,0.686075797561756295,-0.686075797561756295,0.686075797561756295,-0.686075797561756295,0.686075797561756295,0.686075797561756295,-0.686075797561756295,0.000173409820471358
6,full_diag_l0,1240,0.686075797561756295,-0.686075797561756295,-0.686075797561756295,0.686075797561756295,0.686075797561756295,-0.686075797561756295,0.686075797561756295,-0.686075797561756295,0.686075797561756295,0.686075797561756295,0.686075797561756295,0.000173409820471358
6,full_diag_l0,1241,0.686075797561756295,-0.686075797561756295,-0.686075797561756295,0.686075797561756295,0.686075797561756295,-0.686075797561756295,0.686075797561756295,0.686075797561756295,-0.686075797561756295,-0.686075797561756295,-0.686075797561756295,0.000173409820471358
6,full_diag_l0,1242,0.686075797561756295,-0.686075797561756295,-0.686075797561756295,0.686075797561756295,0.686075797561756295,-0.686075797561756295,0.686075797561756295,0.686075797561756295,-0.686075797561756295,-0.686075797561756295,0.686075797561756295,0.000173409820471358
6,full_diag_l0,1243,0.686075797561756295,-0.686075797561756295,-0.686075797561756295,0.686075797561756295,0.686075797561756295,-0.686075797561756295,0.686075797561756295,0.686075797561756295,-0.686075797561756295,0.686075797561756295,-0.686075797561756295,0.000173409820471358
6,full_diag_l0,1244,0.686075797561756295,-0.686075797561756295,-0.686075797561756295,0.686075797561756295,0.686075797561756295,-0.686075797561756295,0.686075797561756295,0.686075797561756295,-0.686075797561756295,0.686075797561756295,0.686075797561756295,0.000173409820471358
6,full_diag_l0,1245,0.686075797561756295,-0.686075797561756295,-0.686075797561756295,0.686075797561756295,0.686075797561756295,-0.686075797561756295,0.686075797561756295,0.686075797561756295,0.686075797561756295,-0.686075797561756295,-0.686075797561756295,0.000173409820471358
6,full_diag_l0,1246,0.686075797561756295,-0.686075797561756295,-0.686075797561756295,0.686075797561756295,0.686075797561756295,-0.686075797561756295,0.686075797561756295,0.686075797561756295,0.686075797561756295,-0.686075797561756295,0.686075797561756295,0.000173409820471358
6,full_diag_l0,1247,0.686075797561756295,-0.686075797561756295,-0.686075797561756295,0.686075797561756295,0.686075797561756295,-0.686075797561756295,0.686075797561756295,0.686075797561756295,0.686075797561756295,0.686075797561756295,-0.686075797561756295,0.000173409820471358
6,full_diag_l0,1248,0.686075797561756295,-0.686075797561756295,-0.686075797561756295,0.686075797561756295,0.686075797561756295,-0.686075797561756295,0.686075797561756295,0.686075797561756295,0.686075797561756295,0.686075797561756295,0.686075797561756295,0.000173409820471358
6,full_diag_l0,1249,0.686075797561756295,-0.686075797561756295,-0.686075797561756295,0.686075797561756295,0.686075797561756295,0.686075797561756295,-0.686075797561756295,-0.686075797561756295,-0.686075797561756295,-0.686075797561756295,-0.686075797561756295,0.000173409820471358
6,full_diag_l0,1250,0.686075797561756295,-0.686075797561756295,-0.686075797561756295,0.686075797561756295,0.686075797561756295,0.686075797561756295,-0.686075797561756295,-0.686075797561756295,-0.686075797561756295,-0.686075797561756295,0.686075797561756295,0.000173409820471358
6,full_diag_l0,1251,0.686075797561756295,-0.686075797561756295,-0.686075797561756295,0.686075797561756295,0.686075797561756295,0.686075797561756295,-0.686075797561756295,-0.686075797561756295,-0.686075797561756295,0.686075797561756295,-0.686075797561756295,0.000173409820471358
6,full_diag_l0,1252,0.686075797561756295,-0.686075797561756295,-0.686075797561756295,0.686075797561756295,0.686075797561756295,0.686075797561756295,-0.686075797561756295,-0.686075797561756295,-0.686075797561756295,0.686075797561756295,0.686075797561756295,0.000173409820471358
6,full_diag_l0,1253,0.686075797561756295,-0.686075797561756295,-0.686075797561756295,0.686075797561756295,0.686075797561756295,0.686075797561756295,-0.686075797561756295,-0.686075797561756295,0.686075797561756295,-0.686075797561756295,-0.686075797561756295,0.000173409820471358
6,full_diag_l0,1254,0.686075797561756295,-0.686075797561756295,-0.686075797561756295,0.686075797561756295,0.686075797561756295,0.686075797561756295,-0.686075797561756295,-0.686075797561756295,0.686075797561756295,-0.686075797561756295,0.686075797561756295,0.000173409820471358
6,full_diag_l0,1255,0.686075797561756295,-0.686075797561756295,-0.686075797561756295,0.686075797561756295,0.686075797561756295,0.686075797561756295,-0.686075797561756295,-0.686075797561756295,0.686075797561756295,0.686075797561756295,-0.686075797561756295,0.000173409820471358
6,full_diag_l0,1256,0.686075797561756295,-0.686075797561756295,-0.686075797561756295,0.686075797561756295,0.686075797561756295,0.686075797561756295,-0.686075797561756295,-0.686075797561756295,0.686075797561756295,0.686075797561756295,0.686075797561756295,0.000173409820471358
6,full_diag_l0,1257,0.686075797561756295,-0.686075797561756295,-0.686075797561756295,0.686075797561756295,0.686075797561756295,0.686075797561756295,-0.686075797561756295,0.686075797561756295,-0.686075797561756295,-0.686075797561756295,-0.686075797561756295,0.000173409820471358
6,full_diag_l0,1258,0.686075797561756295,-0.686075797561756295,-0.686075797561756295,0.686075797561756295,0.686075797561756295,0.686075797561756295,-0.686075797561756295,0.686075797561756295,-0.686075797561756295,-0.686075797561756295,0.686075797561756295,0.000173409820471358
6,full_diag_l0,1259,0.686075797561756295,-0.686075797561756295,-0.686075797561756295,0.686075797561756295,0.686075797561756295,0.686075797561756295,-0.686075797561756295,0.686075797561756295,-0.686075797561756295,0.686075797561756295,-0.686075797561756295,0.000173409820471358
6,full_diag_l0,1260,0.686075797561756295,-0.686075797561756295,-0.686075797561756295,0.686075797561756295,0.686075797561756295,0.686075797561756295,-0.686075797561756295,0.686075797561756295,-0.686075797561756295,0.686075797561756295,0.686075797561756295,0.000173409820471358
6,full_diag_l0,1261,0.686075797561756295,-0.686075797561756295,-0.686075797561756295,0.686075797561756295,0.686075797561756295,0.686075797561756295,-0.686075797561756295,0.686075797561756295,0.686075797561756295,-0.686075797561756295,-0.686075797561756295,0.000173409820471358
6,full_diag_l0,1262,0.686075797561756295,-0.686075797561756295,-0.686075797561756295,0.686075797561756295,0.686075797561756295,0.686075797561756295,-0.686075797561756295,0.686075797561756295,0.686075797561756295,-0.686075797561756295,0.686075797561756295,0.000173409820471358
6,full_diag_l0,1263,0.686075797561756295,-0.686075797561756295,-0.686075797561756295,0.686075797561756295,0.686075797561756295,0.686075797561756295,-0.686075797561756295,0.686075797561756295,0.686075797561756295,0.686075797561756295,-0.686075797561756295,0.000173409820471358
6,full_diag_l0,1264,0.686075797561756295,-0.686075797561756295,-0.686075797561756295,0.686075797561756295,0.686075797561756295,0.686075797561756295,-0.686075797561756295,0.686075797561756295,0.686075797561756295,0.686075797561756295,0.686075797561756295,0.000173409820471358
6,full_diag_l0,1265,0.686075797561756295,-0.686075797561756295,-0.686075797561756295,0.686075797561756295,0.686075797561756295,0.686075797561756295,0.686075797561756295,-0.686075797561756295,-0.686075797561756295,-0.686075797561756295,-0.686075797561756295,0.000173409820471358
6,full_diag_l0,1266,0.686075797561756295,-0.686075797561756295,-0.686075797561756295,0.686075797561756295,0.686075797561756295,0.686075797561756295,0.686075797561756295,-0.686075797561756295,-0.686075797561756295,-0.686075797561756295,0.686075797561756295,0.000173409820471358
6,full_diag_l0,1267,0.686075797561756295,-0.686075797561756295,-0.686075797561756295,0.686075797561756295,0.686075797561756295,0.686075797561756295,0.686075797561756295,-0.686075797561756295,-0.686075797561756295,0.686075797561756295,-0.686075797561756295,0.000173409820471358
6,full_diag_l0,1268,0.686075797561756295,-0.686075797561756295,-0.686075797561756295,0.686075797561756295,0.686075797561756295,0.686075797561756295,0.686075797561756295,-0.686075797561756295,-0.686075797561756295,0.686075797561756295,0.686075797561756295,0.000173409820471358
6,full_diag_l0,1269,0.686075797561756295,-0.686075797561756295,-0.686075797561756295,0.686075797561756295,0.686075797561756295,0.686075797561756295,0.686075797561756295,-0.686075797561756295,0.686075797561756295,-0.686075797561756295,-0.686075797561756295,0.000173409820471358
6,full_diag_l0,1270,0.686075797561756295,-0.686075797561756295,-0.686075797561756295,0.686075797561756295,0.686075797561756295,0.686075797561756295,0.686075797561756295,-0.686075797561756295,0.686075797561756295,-0.686075797561756295,0.686075797561756295,0.000173409820471358
6,full_diag_l0,1271,0.686075797561756295,-0.686075797561756295,-0.686075797561756295,0.686075797561756295,0.686075797561756295,0.686075797561756295,0.686075797561756295,-0.686075797561756295,0.686075797561756295,0.686075797561756295,-0.686075797561756295,0.000173409820471358
6,full_diag_l0,1272,0.686075797561756295,-0.686075797561756295,-0.686075797561756295,0.686075797561756295,0.686075797561756295,0.686075797561756295,0.686075797561756295,-0.686075797561756295,0.686075797561756295,0.686075797561756295,0.686075797561756295,0.000173409820471358
6,full_diag_l0,1273,0.686075797561756295,-0.686075797561756295,-0.686075797561756295,0.686075797561756295,0.686075797561756295,0.686075797561756295,0.686075797561756295,0.686075797561756295,-0.686075797561756295,-0.686075797561756295,-0.686075797561756295,0.000173409820471358
6,full_diag_l0,1274,0.686075797561756295,-0.686075797561756295,-0.686075797561756295,0.686075797561756295,0.686075797561756295,0.686075797561756295,0.686075797561756295,0.686075797561756295,-0.686075797561756295,-0.686075797561756295,0.686075797561756295,0.000173409820471358
6,full_diag_l0,1275,0.686075797561756295,-0.686075797561756295,-0.686075797561756295,0.686075797561756295,0.686075797561756295,0.686075797561756295,0.686075797561756295,0.686075797561756295,-0.686075797561756295,0.686075797561756295,-0.686075797561756295,0.000173409820471358
6,full_diag_l0,1276,0.686075797561756295,-0.686075797561756295,-0.686075797561756295,0.686075797561756295,0.686075797561756295,0.686075797561756295,0.686075797561756295,0.686075797561756295,-0.686075797561756295,0.686075797561756295,0.686075797561756295,0.000173409820471358
6,full_diag_l0,1277,0.686075797561756295,-0.686075797561756295,-0.686075797561756295,0.686075797561756295,0.686075797561756295,0.686075797561756295,0.686075797561756295,0.686075797561756295,0.686075797561756295,-0.686075797561756295,-0.686075797561756295,0.000173409820471358
6,full_diag_l0,1278,0.686075797561756295,-0.686075797561756295,-0.686075797561756295,0.686075797561756295,0.686075797561756295,0.686075797561756295,0.686075797561756295,0.686075797561756295,0.686075797561756295,-0.686075797561756295,0.686075797561756295,0.000173409820471358
6,full_diag_l0,1279,0.686075797561756295,-0.686075797561756295,-0.686075797561756295,0.686075797561756295,0.686075797561756295,0.686075797561756295,0.686075797561756295,0.686075797561756295,0.686075797561756295,0.686075797561756295,-0.686075797561756295,0.000173409820471358
6,full_diag_l0,1280,0.686075797561756295,-0.686075797561756295,-0.686075797561756295,0.686075797561756295,0.686075797561756295,0.686075797561756295,0.686075797561756295,0.686075797561756295,0.686075797561756295,0.686075797561756295,0.686075797561756295,0.000173409820471358
6,full_diag_l0,1281,0.686075797561756295,-0.686075797561756295,0.686075797561756295,-0.686075797561756295,-0.686075797561756295,-0.686075797561756295,-0.686075797561756295,-0.686075797561756295,-0.686075797561756295,-0.686075797561756295,-0.686075797561756295,0.000173409820471358
6,full_diag_l0,1282,0.686075797561756295,-0.686075797561756295,0.686075797561756295,-0.686075797561756295,-0.686075797561756295,-0.686075797561756295,-0.686075797561756295,-0.686075797561756295,-0.686075797561756295,-0.686075797561756295,0.686075797561756295,0.000173409820471358
6,full_diag_l0,1283,0.686075797561756295,-0.686075797561756295,0.686075797561756295,-0.686075797561756295,-0.686075797561756295,-0.686075797561756295,-0.686075797561756295,-0.686075797561756295,-0.686075797561756295,0.686075797561756295,-0.686075797561756295,0.000173409820471358
6,full_diag_l0,1284,0.686075797561756295,-0.686075797561756295,0.686075797561756295,-0.686075797561756295,-0.686075797561756295,-0.686075797561756295,-0.686075797561756295,-0.686075797561756295,-0.686075797561756295,0.686075797561756295,0.686075797561756295,0.000173409820471358
6,full_diag_l0,1285,0.686075797561756295,-0.686075797561756295,0.686075797561756295,-0.686075797561756295,-0.686075797561756295,-0.686075797561756295,-0.686075797561756295,-0.686075797561756295,0.686075797561756295,-0.686075797561756295,-0.686075797561756295,0.000173409820471358
6,full_diag_l0,1286,0.686075797561756295,-0.686075797561756295,0.686075797561756295,-0.686075797561756295,-0.686075797561756295,-0.686075797561756295,-0.686075797561756295,-0.686075797561756295,0.686075797561756295,-0.686075797561756295,0.686075797561756295,0.000173409820471358
6,full_diag_l0,1287,0.686075797561756295,-0.686075797561756295,0.686075797561756295,-0.686075797561756295,-0.686075797561756295,-0.686075797561756295,-0.686075797561756295,-0.686075797561756295,0.686075797561756295,0.686075797561756295,-0.686075797561756295,0.000173409820471358
6,full_diag_l0,1288,0.686075797561756295,-0.686075797561756295,0.686075797561756295,-0.686075797561756295,-0.686075797561756295,-0.686075797561756295,-0.686075797561756295,-0.686075797561756295,0.686075797561756295,0.686075797561756295,0.686075797561756295,0.000173409820471358
6,full_diag_l0,1289,0.686075797561756295,-0.686075797561756295,0.686075797561756295,-0.686075797561756295,-0.686075797561756295,-0.686075797561756295,-0.686075797561756295,0.686075797561756295,-0.686075797561756295,-0.686075797561756295,-0.686075797561756295,0.000173409820471358
6,full_diag_l0,1290,0.686075797561756295,-0.686075797561756295,0.686075797561756295,-0.686075797561756295,-0.686075797561756295,-0.686075797561756295,-0.686075797561756295,0.686075797561756295,-0.686075797561756295,-0.686075797561756295,0.686075797561756295,0.000173409820471358
6,full_diag_l0,1291,0.686075797561756295,-0.686075797561756295,0.686075797561756295,-0.686075797561756295,-0.686075797561756295,-0.686075797561756295,-0.686075797561756295,0.686075797561756295,-0.686075797561756295,0.686075797561756295,-0.686075797561756295,0.000173409820471358
6,full_diag_l0,1292,0.686075797561756295,-0.686075797561756295,0.686075797561756295,-0.686075797561756295,-0.686075797561756295,-0.686075797561756295,-0.686075797561756295,0.686075797561756295,-0.686075797561756295,0.686075797561756295,0.686075797561756295,0.000173409820471358
6,full_diag_l0,1293,0.686075797561756295,-0.686075797561756295,0.686075797561756295,-0.686075797561756295,-0.686075797561756295,-0.686075797561756295,-0.686075797561756295,0.686075797561756295,0.686075797561756295,-0.686075797561756295,-0.686075797561756295,0.000173409820471358
6,full_diag_l0,1294,0.686075797561756295,-0.686075797561756295,0.686075797561756295,-0.686075797561756295,-0.686075797561756295,-0.686075797561756295,-0.686075797561756295,0.686075797561756295,0.686075797561756295,-0.686075797561756295,0.686075797561756295,0.000173409820471358
6,full_diag_l0,1295,0.686075797561756295,-0.686075797561756295,0.686075797561756295,-0.686075797561756295,-0.686075797561756295,-0.686075797561756295,-0.686075797561756295,0.686075797561756295,0.686075797561756295,0.686075797561756295,-0.686075797561756295,0.000173409820471358
6,full_diag_l0,1296,0.686075797561756295,-0.686075797561756295,0.686075797561756295,-0.686075797561756295,-0.686075797561756295,-0.686075797561756295,-0.686075797561756295,0.686075797561756295,0.686075797561756295,0.686075797561756295,0.686075797561756295,0.000173409820471358
6,full_diag_l0,1297,0.686075797561756295,-0.686075797561756295,0.686075797561756295,-0.686075797561756295,-0.686075797561756295,-0.686075797561756295,0.686075797561756295,-0.686075797561756295,-0.686075797561756295,-0.686075797561756295,-0.686075797561756295,0.000173409820471358
6,full_diag_l0,1298,0.686075797561756295,-0.686075797561756295,0.686075797561756295,-0.686075797561756295,-0.686075797561756295,-0.686075797561756295,0.686075797561756295,-0.686075797561756295,-0.686075797561756295,-0.686075797561756295,0.686075797561756295,0.000173409820471358
6,full_diag_l0,1299,0.686075797561756295,-0.686075797561756295,0.686075797561756295,-0.686075797561756295,-0.686075797561756295,-0.686075797561756295,0.686075797561756295,-0.686075797561756295,-0.686075797561756295,0.686075797561756295,-0.686075797561756295,0.000173409820471358
6,full_diag_l0,1300,0.686075797561756295,-0.686075797561756295,0.686075797561756295,-0.686075797561756295,-0.686075797561756295,-0.686075797561756295,0.686075797561756295,-0.686075797561756295,-0.686075797561756295,0.686075797561756295,0.686075797561756295,0.000173409820471358
6,full_diag_l0,1301,0.686075797561756295,-0.686075797561756295,0.686075797561756295,-0.686075797561756295,-0.686075797561756295,-0.686075797561756295,0.686075797561756295,-0.686075797561756295,0.686075797561756295,-0.686075797561756295,-0.686075797561756295,0.000173409820471358
6,full_diag_l0,1302,0.686075797561756295,-0.686075797561756295,0.686075797561756295,-0.686075797561756295,-0.686075797561756295,-0.686075797561756295,0.686075797561756295,-0.686075797561756295,0.686075797561756295,-0.686075797561756295,0.686075797561756295,0.000173409820471358
6,full_diag_l0,1303,0.686075797561756295,-0.686075797561756295,0.686075797561756295,-0.686075797561756295,-0.686075797561756295,-0.686075797561756295,0.686075797561756295,-0.686075797561756295,0.686075797561756295,0.686075797561756295,-0.686075797561756295,0.000173409820471358
6,full_diag_l0,1304,0.686075797561756295,-0.686075797561756295,0.686075797561756295,-0.686075797561756295,-0.686075797561756295,-0.686075797561756295,0.686075797561756295,-0.686075797561756295,0.686075797561756295,0.686075797561756295,0.686075797561756295,0.000173409820471358
6,full_diag_l0,1305,0.686075797561756295,-0.686075797561756295,0.686075797561756295,-0.686075797561756295,-0.686075797561756295,-0.686075797561756295,0.686075797561756295,0.686075797561756295,-0.686075797561756295,-0.686075797561756295,-0.686075797561756295,0.000173409820471358
6,full_diag_l0,1306,0.686075797561756295,-0.686075797561756295,0.686075797561756295,-0.686075797561756295,-0.686075797561756295,-0.686075797561756295,0.686075797561756295,0.686075797561756295,-0.686075797561756295,-0.686075797561756295,0.686075797561756295,0.000173409820471358
6,full_diag_l0,1307,0.686075797561756295,-0.686075797561756295,0.686075797561756295,-0.686075797561756295,-0.686075797561756295,-0.686075797561756295,0.686075797561756295,0.686075797561756295,-0.686075797561756295,0.686075797561756295,-0.686075797561756295,0.000173409820471358
6,full_diag_l0,1308,0.686075797561756295,-0.686075797561756295,0.686075797561756295,-0.686075797561756295,-0.686075797561756295,-0.686075797561756295,0.686075797561756295,0.686075797561756295,-0.686075797561756295,0.686075797561756295,0.686075797561756295,0.000173409820471358
6,full_diag_l0,1309,0.686075797561756295,-0.686075797561756295,0.686075797561756295,-0.686075797561756295,-0.686075797561756295,-0.686075797561756295,0.686075797561756295,0.686075797561756295,0.686075797561756295,-0.686075797561756295,-0.686075797561756295,0.000173409820471358
6,full_diag_l0,1310,0.686075797561756295,-0.686075797561756295,0.686075797561756295,-0.686075797561756295,-0.686075797561756295,-0.686075797561756295,0.686075797561756295,0.686075797561756295,0.686075797561756295,-0.686075797561756295,0.686075797561756295,0.000173409820471358
6,full_diag_l0,1311,0.686075797561756295,-0.686075797561756295,0.686075797561756295,-0.686075797561756295,-0.686075797561756295,-0.686075797561756295,0.686075797561756295,0.686075797561756295,0.686075797561756295,0.686075797561756295,-0.686075797561756295,0.000173409820471358
6,full_diag_l0,1312,0.686075797561756295,-0.686075797561756295,0.686075797561756295,-0.686075797561756295,-0.686075797561756295,-0.686075797561756295,0.686075797561756295,0.686075797561756295,0.686075797561756295,0.686075797561756295,0.686075797561756295,0.000173409820471358
6,full_diag_l0,1313,0.686075797561756295,-0.686075797561756295,0.686075797561756295,-0.686075797561756295,-0.686075797561756295,0.686075797561756295,-0.686075797561756295,-0.686075797561756295,-0.686075797561756295,-0.686075797561756295,-0.686075797561756295,0.000173409820471358
6,full_diag_l0,1314,0.686075797561756295,-0.686075797561756295,0.686075797561756295,-0.686075797561756295,-0.686075797561756295,0.686075797561756295,-0.686075797561756295,-0.686075797561756295,-0.686075797561756295,-0.686075797561756295,0.686075797561756295,0.000173409820471358
6,full_diag_l0,1315,0.686075797561756295,-0.686075797561756295,0.686075797561756295,-0.686075797561756295,-0.686075797561756295,0.686075797561756295,-0.686075797561756295,-0.686075797561756295,-0.686075797561756295,0.686075797561756295,-0.686075797561756295,0.000173409820471358
6,full_diag_l0,1316,0.686075797561756295,-0.686075797561756295,0.686075797561756295,-0.686075797561756295,-0.686075797561756295,0.686075797561756295,-0.686075797561756295,-0.686075797561756295,-0.686075797561756295,0.686075797561756295,0.686075797561756295,0.000173409820471358
6,full_diag_l0,1317,0.686075797561756295,-0.686075797561756295,0.686075797561756295,-0.686075797561756295,-0.686075797561756295,0.686075797561756295,-0.686075797561756295,-0.686075797561756295,0.686075797561756295,-0.686075797561756295,-0.686075797561756295,0.000173409820471358
6,full_diag_l0,1318,0.686075797561756295,-0.686075797561756295,0.686075797561756295,-0.686075797561756295,-0.686075797561756295,0.686075797561756295,-0.686075797561756295,-0.686075797561756295,0.686075797561756295,-0.686075797561756295,0.686075797561756295,0.000173409820471358
6,full_diag_l0,1319,0.686075797561756295,-0.686075797561756295,0.686075797561756295,-0.686075797561756295,-0.686075797561756295,0.686075797561756295,-0.686075797561756295,-0.686075797561756295,0.686075797561756295,0.686075797561756295,-0.686075797561756295,0.000173409820471358
6,full_diag_l0,1320,0.686075797561756295,-0.686075797561756295,0.686075797561756295,-0.686075797561756295,-0.686075797561756295,0.686075797561756295,-0.686075797561756295,-0.686075797561756295,0.686075797561756295,0.686075797561756295,0.686075797561756295,0.000173409820471358
6,full_diag_l0,1321,0.686075797561756295,-0.686075797561756295,0.686075797561756295,-0.686075797561756295,-0.686075797561756295,0.686075797561756295,-0.686075797561756295,0.686075797561756295,-0.686075797561756295,-0.686075797561756295,-0.686075797561756295,0.000173409820471358
6,full_diag_l0,1322,0.686075797561756295,-0.686075797561756295,0.686075797561756295,-0.686075797561756295,-0.686075797561756295,0.686075797561756295,-0.686075797561756295,0.686075797561756295,-0.686075797561756295,-0.686075797561756295,0.686075797561756295,0.000173409820471358
6,full_diag_l0,1323,0.686075797561756295,-0.686075797561756295,0.686075797561756295,-0.686075797561756295,-0.686075797561756295,0.686075797561756295,-0.686075797561756295,0.686075797561756295,-0.686075797561756295,0.686075797561756295,-0.686075797561756295,0.000173409820471358
6,full_diag_l0,1324,0.686075797561756295,-0.686075797561756295,0.686075797561756295,-0.686075797561756295,-0.686075797561756295,0.686075797561756295,-0.686075797561756295,0.686075797561756295,-0.686075797561756295,0.686075797561756295,0.686075797561756295,0.000173409820471358
6,full_diag_l0,1325,0.686075797561756295,-0.686075797561756295,0.686075797561756295,-0.686075797561756295,-0.686075797561756295,0.686075797561756295,-0.686075797561756295,0.686075797561756295,0.686075797561756295,-0.686075797561756295,-0.686075797561756295,0.000173409820471358
6,full_diag_l0,1326,0.686075797561756295,-0.686075797561756295,0.686075797561756295,-0.686075797561756295,-0.686075797561756295,0.686075797561756295,-0.686075797561756295,0.686075797561756295,0.686075797561756295,-0.686075797561756295,0.686075797561756295,0.000173409820471358
6,full_diag_l0,1327,0.686075797561756295,-0.686075797561756295,0.686075797561756295,-0.686075797561756295,-0.686075797561756295,0.686075797561756295,-0.686075797561756295,0.686075797561756295,0.686075797561756295,0.686075797561756295,-0.686075797561756295,0.000173409820471358
6,full_diag_l0,1328,0.686075797561756295,-0.686075797561756295,0.686075797561756295,-0.686075797561756295,-0.686075797561756295,0.686075797561756295,-0.686075797561756295,0.686075797561756295,0.686075797561756295,0.686075797561756295,0.686075797561756295,0.000173409820471358
6,full_diag_l0,1329,0.686075797561756295,-0.686075797561756295,0.686075797561756295,-0.686075797561756295,-0.686075797561756295,0.686075797561756295,0.686075797561756295,-0.686075797561756295,-0.686075797561756295,-0.686075797561756295,-0.686075797561756295,0.000173409820471358
6,full_diag_l0,1330,0.686075797561756295,-0.686075797561756295,0.686075797561756295,-0.686075797561756295,-0.686075797561756295,0.686075797561756295,0.686075797561756295,-0.686075797561756295,-0.686075797561756295,-0.686075797561756295,0.686075797561756295,0.000173409820471358
6,full_diag_l0,1331,0.686075797561756295,-0.686075797561756295,0.686075797561756295,-0.686075797561756295,-0.686075797561756295,0.686075797561756295,0.686075797561756295,-0.686075797561756295,-0.686075797561756295,0.686075797561756295,-0.686075797561756295,0.000173409820471358
6,full_diag_l0,1332,0.686075797561756295,-0.686075797561756295,0.686075797561756295,-0.686075797561756295,-0.686075797561756295,0.686075797561756295,0.686075797561756295,-0.686075797561756295,-0.686075797561756295,0.686075797561756295,0.686075797561756295,0.000173409820471358
6,full_diag_l0,1333,0.686075797561756295,-0.686075797561756295,0.686075797561756295,-0.686075797561756295,-0.686075797561756295,0.686075797561756295,0.686075797561756295,-0.686075797561756295,0.686075797561756295,-0.686075797561756295,-0.686075797561756295,0.000173409820471358
6,full_diag_l0,1334,0.686075797561756295,-0.686075797561756295,0.686075797561756295,-0.686075797561756295,-0.686075797561756295,0.686075797561756295,0.686075797561756295,-0.686075797561756295,0.686075797561756295,-0.686075797561756295,0.686075797561756295,0.000173409820471358
6,full_diag_l0,1335,0.686075797561756295,-0.686075797561756295,0.686075797561756295,-0.686075797561756295,-0.686075797561756295,0.686075797561756295,0.686075797561756295,-0.686075797561756295,0.686075797561756295,0.686075797561756295,-0.686075797561756295,0.000173409820471358
6,full_diag_l0,1336,0.686075797561756295,-0.686075797561756295,0.686075797561756295,-0.686075797561756295,-0.686075797561756295,0.686075797561756295,0.686075797561756295,-0.686075797561756295,0.686075797561756295,0.686075797561756295,0.686075797561756295,0.000173409820471358
6,full_diag_l0,1337,0.686075797561756295,-0.686075797561756295,0.686075797561756295,-0.686075797561756295,-0.686075797561756295,0.686075797561756295,0.686075797561756295,0.686075797561756295,-0.686075797561756295,-0.686075797561756295,-0.686075797561756295,0.000173409820471358
6,full_diag_l0,1338,0.686075797561756295,-0.686075797561756295,0.686075797561756295,-0.686075797561756295,-0.686075797561756295,0.686075797561756295,0.686075797561756295,0.686075797561756295,-0.686075797561756295,-0.686075797561756295,0.686075797561756295,0.000173409820471358
6,full_diag_l0,1339,0.686075797561756295,-0.686075797561756295,0.686075797561756295,-0.686075797561756295,-0.686075797561756295,0.686075797561756295,0.686075797561756295,0.686075797561756295,-0.686075797561756295,0.686075797561756295,-0.686075797561756295,0.000173409820471358
6,full_diag_l0,1340,0.686075797561756295,-0.686075797561756295,0.686075797561756295,-0.686075797561756295,-0.686075797561756295,0.686075797561756295,0.686075797561756295,0.686075797561756295,-0.686075797561756295,0.686075797561756295,0.686075797561756295,0.000173409820471358
6,full_diag_l0,1341,0.686075797561756295,-0.686075797561756295,0.686075797561756295,-0.686075797561756295,-0.686075797561756295,0.686075797561756295,0.686075797561756295,0.686075797561756295,0.686075797561756295,-0.686075797561756295,-0.686075797561756295,0.000173409820471358
6,full_diag_l0,1342,0.686075797561756295,-0.686075797561756295,0.686075797561756295,-0.686075797561756295,-0.686075797561756295,0.686075797561756295,0.686075797561756295,0.686075797561756295,0.686075797561756295,-0.686075797561756295,0.686075797561756295,0.000173409820471358
6,full_diag_l0,1343,0.686075797561756295,-0.686075797561756295,0.686075797561756295,-0.686075797561756295,-0.686075797561756295,0.686075797561756295,0.686075797561756295,0.686075797561756295,0.686075797561756295,0.686075797561756295,-0.686075797561756295,0.000173409820471358
6,full_diag_l0,1344,0.686075797561756295,-0.686075797561756295,0.686075797561756295,-0.686075797561756295,-0.686075797561756295,0.686075797561756295,0.686075797561756295,0.686075797561756295,0.686075797561756295,0.686075797561756295,0.686075797561756295,0.000173409820471358
6,full_diag_l0,1345,0.686075797561756295,-0.686075797561756295,0.686075797561756295,-0.686075797561756295,0.686075797561756295,-0.686075797561756295,-0.686075797561756295,-0.686075797561756295,-0.686075797561756295,-0.686075797561756295,-0.686075797561756295,0.000173409820471358
6,full_diag_l0,1346,0.686075797561756295,-0.686075797561756295,0.686075797561756295,-0.686075797561756295,0.686075797561756295,-0.686075797561756295,-0.686075797561756295,-0.686075797561756295,-0.686075797561756295,-0.686075797561756295,0.686075797561756295,0.000173409820471358
6,full_diag_l0,1347,0.686075797561756295,-0.686075797561756295,0.686075797561756295,-0.686075797561756295,0.686075797561756295,-0.686075797561756295,-0.686075797561756295,-0.686075797561756295,-0.686075797561756295,0.686075797561756295,-0.686075797561756295,0.000173409820471358
6,full_diag_l0,1348,0.686075797561756295,-0.686075797561756295,0.686075797561756295,-0.686075797561756295,0.686075797561756295,-0.686075797561756295,-0.686075797561756295,-0.686075797561756295,-0.686075797561756295,0.686075797561756295,0.686075797561756295,0.000173409820471358
6,full_diag_l0,1349,0.686075797561756295,-0.686075797561756295,0.686075797561756295,-0.686075797561756295,0.686075797561756295,-0.686075797561756295,-0.686075797561756295,-0.686075797561756295,0.686075797561756295,-0.686075797561756295,-0.686075797561756295,0.000173409820471358
6,full_diag_l0,1350,0.686075797561756295,-0.686075797561756295,0.686075797561756295,-0.686075797561756295,0.686075797561756295,-0.686075797561756295,-0.686075797561756295,-0.686075797561756295,0.686075797561756295,-0.686075797561756295,0.686075797561756295,0.000173409820471358
6,full_diag_l0,1351,0.686075797561756295,-0.686075797561756295,0.686075797561756295,-0.686075797561756295,0.686075797561756295,-0.686075797561756295,-0.686075797561756295,-0.686075797561756295,0.686075797561756295,0.686075797561756295,-0.686075797561756295,0.000173409820471358
6,full_diag_l0,1352,0.686075797561756295,-0.686075797561756295,0.686075797561756295,-0.686075797561756295,0.686075797561756295,-0.686075797561756295,-0.686075797561756295,-0.686075797561756295,0.686075797561756295,0.686075797561756295,0.686075797561756295,0.000173409820471358
6,full_diag_l0,1353,0.686075797561756295,-0.686075797561756295,0.686075797561756295,-0.686075797561756295,0.686075797561756295,-0.686075797561756295,-0.686075797561756295,0.686075797561756295,-0.686075797561756295,-0.686075797561756295,-0.686075797561756295,0.000173409820471358
6,full_diag_l0,1354,0.686075797561756295,-0.686075797561756295,0.686075797561756295,-0.686075797561756295,0.686075797561756295,-0.686075797561756295,-0.686075797561756295,0.686075797561756295,-0.686075797561756295,-0.686075797561756295,0.686075797561756295,0.000173409820471358
6,full_diag_l0,1355,0.686075797561756295,-0.686075797561756295,0.686075797561756295,-0.686075797561756295,0.686075797561756295,-0.686075797561756295,-0.686075797561756295,0.686075797561756295,-0.686075797561756295,0.686075797561756295,-0.686075797561756295,0.000173409820471358
6,full_diag_l0,1356,0.686075797561756295,-0.686075797561756295,0.686075797561756295,-0.686075797561756295,0.686075797561756295,-0.686075797561756295,-0.686075797561756295,0.686075797561756295,-0.686075797561756295,0.686075797561756295,0.686075797561756295,0.000173409820471358
6,full_diag_l0,1357,0.686075797561756295,-0.686075797561756295,0.686075797561756295,-0.686075797561756295,0.686075797561756295,-0.686075797561756295,-0.686075797561756295,0.686075797561756295,0.686075797561756295,-0.686075797561756295,-0.686075797561756295,0.000173409820471358
6,full_diag_l0,1358,0.686075797561756295,-0.686075797561756295,0.686075797561756295,-0.686075797561756295,0.686075797561756295,-0.686075797561756295,-0.686075797561756295,0.686075797561756295,0.686075797561756295,-0.686075797561756295,0.686075797561756295,0.000173409820471358
6,full_diag_l0,1359,0.686075797561756295,-0.686075797561756295,0.686075797561756295,-0.686075797561756295,0.686075797561756295,-0.686075797561756295,-0.686075797561756295,0.686075797561756295,0.686075797561756295,0.686075797561756295,-0.686075797561756295,0.000173409820471358
6,full_diag_l0,1360,0.686075797561756295,-0.686075797561756295,0.686075797561756295,-0.686075797561756295,0.686075797561756295,-0.686075797561756295,-0.686075797561756295,0.686075797561756295,0.686075797561756295,0.686075797561756295,0.686075797561756295,0.000173409820471358
6,full_diag_l0,1361,0.686075797561756295,-0.686075797561756295,0.686075797561756295,-0.686075797561756295,0.686075797561756295,-0.686075797561756295,0.686075797561756295,-0.686075797561756295,-0.686075797561756295,-0.686075797561756295,-0.686075797561756295,0.000173409820471358
6,full_diag_l0,1362,0.686075797561756295,-0.686075797561756295,0.686075797561756295,-0.686075797561756295,0.686075797561756295,-0.686075797561756295,0.686075797561756295,-0.686075797561756295,-0.686075797561756295,-0.686075797561756295,0.686075797561756295,0.000173409820471358
6,full_diag_l0,1363,0.686075797561756295,-0.686075797561756295,0.686075797561756295,-0.686075797561756295,0.686075797561756295,-0.686075797561756295,0.686075797561756295,-0.686075797561756295,-0.686075797561756295,0.686075797561756295,-0.686075797561756295,0.000173409820471358
6,full_diag_l0,1364,0.686075797561756295,-0.686075797561756295,0.686075797561756295,-0.686075797561756295,0.686075797561756295,-0.686075797561756295,0.686075797561756295,-0.686075797561756295,-0.686075797561756295,0.686075797561756295,0.686075797561756295,0.000173409820471358
6,full_diag_l0,1365,0.686075797561756295,-0.686075797561756295,0.686075797561756295,-0.686075797561756295,0.686075797561756295,-0.686075797561756295,0.686075797561756295,-0.686075797561756295,0.686075797561756295,-0.686075797561756295,-0.686075797561756295,0.000173409820471358
6,full_diag_l0,1366,0.686075797561756295,-0.686075797561756295,0.686075797561756295,-0.686075797561756295,0.686075797561756295,-0.686075797561756295,0.686075797561756295,-0.686075797561756295,0.686075797561756295,-0.686075797561756295,0.686075797561756295,0.000173409820471358
6,full_diag_l0,1367,0.686075797561756295,-0.686075797561756295,0.686075797561756295,-0.686075797561756295,0.686075797561756295,-0.686075797561756295,0.686075797561756295,-0.686075797561756295,0.686075797561756295,0.686075797561756295,-0.686075797561756295,0.000173409820471358
6,full_diag_l0,1368,0.686075797561756295,-0.686075797561756295,0.686075797561756295,-0.686075797561756295,0.686075797561756295,-0.686075797561756295,0.686075797561756295,-0.686075797561756295,0.686075797561756295,0.686075797561756295,0.686075797561756295,0.000173409820471358
6,full_diag_l0,1369,0.686075797561756295,-0.686075797561756295,0.686075797561756295,-0.686075797561756295,0.686075797561756295,-0.686075797561756295,0.686075797561756295,0.686075797561756295,-0.686075797561756295,-0.686075797561756295,-0.686075797561756295,0.000173409820471358
6,full_diag_l0,1370,0.686075797561756295,-0.686075797561756295,0.686075797561756295,-0.686075797561756295,0.686075797561756295,-0.686075797561756295,0.686075797561756295,0.686075797561756295,-0.686075797561756295,-0.686075797561756295,0.686075797561756295,0.000173409820471358
6,full_diag_l0,1371,0.686075797561756295,-0.686075797561756295,0.686075797561756295,-0.686075797561756295,0.686075797561756295,-0.686075797561756295,0.686075797561756295,0.686075797561756295,-0.686075797561756295,0.686075797561756295,-0.686075797561756295,0.000173409820471358
6,full_diag_l0,1372,0.686075797561756295,-0.686075797561756295,0.686075797561756295,-0.686075797561756295,0.686075797561756295,-0.686075797561756295,0.686075797561756295,0.686075797561756295,-0.686075797561756295,0.686075797561756295,0.686075797561756295,0.000173409820471358
6,full_diag_l0,1373,0.686075797561756295,-0.686075797561756295,0.686075797561756295,-0.686075797561756295,0.686075797561756295,-0.686075797561756295,0.686075797561756295,0.686075797561756295,0.686075797561756295,-0.686075797561756295,-0.686075797561756295,0.000173409820471358
6,full_diag_l0,1374,0.686075797561756295,-0.686075797561756295,0.686075797561756295,-0.686075797561756295,0.686075797561756295,-0.686075797561756295,0.686075797561756295,0.686075797561756295,0.686075797561756295,-0.686075797561756295,0.686075797561756295,0.000173409820471358
6,full_diag_l0,1375,0.686075797561756295,-0.686075797561756295,0.686075797561756295,-0.686075797561756295,0.686075797561756295,-0.686075797561756295,0.686075797561756295,0.686075797561756295,0.686075797561756295,0.686075797561756295,-0.686075797561756295,0.000173409820471358
6,full_diag_l0,1376,0.686075797561756295,-0.686075797561756295,0.686075797561756295,-0.686075797561756295,0.686075797561756295,-0.686075797561756295,0.686075797561756295,0.686075797561756295,0.686075797561756295,0.686075797561756295,0.686075797561756295,0.000173409820471358
6,full_diag_l0,1377,0.686075797561756295,-0.686075797561756295,0.686075797561756295,-0.686075797561756295,0.686075797561756295,0.686075797561756295,-0.686075797561756295,-0.686075797561756295,-0.686075797561756295,-0.686075797561756295,-0.686075797561756295,0.000173409820471358
6,full_diag_l0,1378,0.686075797561756295,-0.686075797561756295,0.686075797561756295,-0.686075797561756295,0.686075797561756295,0.686075797561756295,-0.686075797561756295,-0.686075797561756295,-0.686075797561756295,-0.686075797561756295,0.686075797561756295,0.000173409820471358
6,full_diag_l0,1379,0.686075797561756295,-0.686075797561756295,0.686075797561756295,-0.686075797561756295,0.686075797561756295,0.686075797561756295,-0.686075797561756295,-0.686075797561756295,-0.686075797561756295,0.686075797561756295,-0.686075797561756295,0.000173409820471358
6,full_diag_l0,1380,0.686075797561756295,-0.686075797561756295,0.686075797561756295,-0.686075797561756295,0.686075797561756295,0.686075797561756295,-0.686075797561756295,-0.686075797561756295,-0.686075797561756295,0.686075797561756295,0.686075797561756295,0.000173409820471358
6,full_diag_l0,1381,0.686075797561756295,-0.686075797561756295,0.686075797561756295,-0.686075797561756295,0.686075797561756295,0.686075797561756295,-0.686075797561756295,-0.686075797561756295,0.686075797561756295,-0.686075797561756295,-0.686075797561756295,0.000173409820471358
6,full_diag_l0,1382,0.686075797561756295,-0.686075797561756295,0.686075797561756295,-0.686075797561756295,0.686075797561756295,0.686075797561756295,-0.686075797561756295,-0.686075797561756295,0.686075797561756295,-0.686075797561756295,0.686075797561756295,0.000173409820471358
6,full_diag_l0,1383,0.686075797561756295,-0.686075797561756295,0.686075797561756295,-0.686075797561756295,0.686075797561756295,0.686075797561756295,-0.686075797561756295,-0.686075797561756295,0.686075797561756295,0.686075797561756295,-0.686075797561756295,0.000173409820471358
6,full_diag_l0,1384,0.686075797561756295,-0.686075797561756295,0.686075797561756295,-0.686075797561756295,0.686075797561756295,0.686075797561756295,-0.686075797561756295,-0.686075797561756295,0.686075797561756295,0.686075797561756295,0.686075797561756295,0.000173409820471358
6,full_diag_l0,1385,0.686075797561756295,-0.686075797561756295,0.686075797561756295,-0.686075797561756295,0.686075797561756295,0.686075797561756295,-0.686075797561756295,0.686075797561756295,-0.686075797561756295,-0.686075797561756295,-0.686075797561756295,0.000173409820471358
6,full_diag_l0,1386,0.686075797561756295,-0.686075797561756295,0.686075797561756295,-0.686075797561756295,0.686075797561756295,0.686075797561756295,-0.686075797561756295,0.686075797561756295,-0.686075797561756295,-0.686075797561756295,0.686075797561756295,0.000173409820471358
6,full_diag_l0,1387,0.686075797561756295,-0.686075797561756295,0.686075797561756295,-0.686075797561756295,0.686075797561756295,0.686075797561756295,-0.686075797561756295,0.686075797561756295,-0.686075797561756295,0.686075797561756295,-0.686075797561756295,0.000173409820471358
6,full_diag_l0,1388,0.686075797561756295,-0.686075797561756295,0.686075797561756295,-0.686075797561756295,0.686075797561756295,0.686075797561756295,-0.686075797561756295,0.686075797561756295,-0.686075797561756295,0.686075797561756295,0.686075797561756295,0.000173409820471358
6,full_diag_l0,1389,0.686075797561756295,-0.686075797561756295,0.686075797561756295,-0.686075797561756295,0.686075797561756295,0.686075797561756295,-0.686075797561756295,0.686075797561756295,0.686075797561756295,-0.686075797561756295,-0.686075797561756295,0.000173409820471358
6,full_diag_l0,1390,0.686075797561756295,-0.686075797561756295,0.686075797561756295,-0.686075797561756295,0.686075797561756295,0.686075797561756295,-0.686075797561756295,0.686075797561756295,0.686075797561756295,-0.686075797561756295,0.686075797561756295,0.000173409820471358
6,full_diag_l0,1391,0.686075797561756295,-0.686075797561756295,0.686075797561756295,-0.686075797561756295,0.686075797561756295,0.686075797561756295,-0.686075797561756295,0.686075797561756295,0.686075797561756295,0.686075797561756295,-0.686075797561756295,0.000173409820471358
6,full_diag_l0,1392,0.686075797561756295,-0.686075797561756295,0.686075797561756295,-0.686075797561756295,0.686075797561756295,0.686075797561756295,-0.686075797561756295,0.686075797561756295,0.686075797561756295,0.686075797561756295,0.686075797561756295,0.000173409820471358
6,full_diag_l0,1393,0.686075797561756295,-0.686075797561756295,0.686075797561756295,-0.686075797561756295,0.686075797561756295,0.686075797561756295,0.686075797561756295,-0.686075797561756295,-0.686075797561756295,-0.686075797561756295,-0.686075797561756295,0.000173409820471358
6,full_diag_l0,1394,0.686075797561756295,-0.686075797561756295,0.686075797561756295,-0.686075797561756295,0.686075797561756295,0.686075797561756295,0.686075797561756295,-0.686075797561756295,-0.686075797561756295,-0.686075797561756295,0.686075797561756295,0.000173409820471358
6,full_diag_l0,1395,0.686075797561756295,-0.686075797561756295,0.686075797561756295,-0.686075797561756295,0.686075797561756295,0.686075797561756295,0.686075797561756295,-0.686075797561756295,-0.686075797561756295,0.686075797561756295,-0.686075797561756295,0.000173409820471358
6,full_diag_l0,1396,0.686075797561756295,-0.686075797561756295,0.686075797561756295,-0.686075797561756295,0.686075797561756295,0.686075797561756295,0.686075797561756295,-0.686075797561756295,-0.686075797561756295,0.686075797561756295,0.686075797561756295,0.000173409820471358
6,full_diag_l0,1397,0.686075797561756295,-0.686075797561756295,0.686075797561756295,-0.686075797561756295,0.686075797561756295,0.686075797561756295,0.686075797561756295,-0.686075797561756295,0.686075797561756295,-0.686075797561756295,-0.686075797561756295,0.000173409820471358
6,full_diag_l0,1398,0.686075797561756295,-0.686075797561756295,0.686075797561756295,-0.686075797561756295,0.686075797561756295,0.686075797561756295,0.686075797561756295,-0.686075797561756295,0.686075797561756295,-0.686075797561756295,0.686075797561756295,0.000173409820471358
6,full_diag_l0,1399,0.686075797561756295,-0.686075797561756295,0.686075797561756295,-0.686075797561756295,0.686075797561756295,0.686075797561756295,0.686075797561756295,-0.686075797561756295,0.686075797561756295,0.686075797561756295,-0.686075797561756295,0.000173409820471358
6,full_diag_l0,1400,0.686075797561756295,-0.686075797561756295,0.686075797561756295,-0.686075797561756295,0.686075797561756295,0.686075797561756295,0.686075797561756295,-0.686075797561756295,0.686075797561756295,0.686075797561756295,0.686075797561756295,0.000173409820471358
6,full_diag_l0,1401,0.686075797561756295,-0.686075797561756295,0.686075797561756295,-0.686075797561756295,0.686075797561756295,0.686075797561756295,0.686075797561756295,0.686075797561756295,-0.686075797561756295,-0.686075797561756295,-0.686075797561756295,0.000173409820471358
6,full_diag_l0,1402,0.686075797561756295,-0.686075797561756295,0.686075797561756295,-0.686075797561756295,0.686075797561756295,0.686075797561756295,0.686075797561756295,0.686075797561756295,-0.686075797561756295,-0.686075797561756295,0.686075797561756295,0.000173409820471358
6,full_diag_l0,1403,0.686075797561756295,-0.686075797561756295,0.686075797561756295,-0.686075797561756295,0.686075797561756295,0.686075797561756295,0.686075797561756295,0.686075797561756295,-0.686075797561756295,0.686075797561756295,-0.686075797561756295,0.000173409820471358
6,full_diag_l0,1404,0.686075797561756295,-0.686075797561756295,0.686075797561756295,-0.686075797561756295,0.686075797561756295,0.686075797561756295,0.686075797561756295,0.686075797561756295,-0.686075797561756295,0.686075797561756295,0.686075797561756295,0.000173409820471358
6,full_diag_l0,1405,0.686075797561756295,-0.686075797561756295,0.686075797561756295,-0.686075797561756295,0.686075797561756295,0.686075797561756295,0.686075797561756295,0.686075797561756295,0.686075797561756295,-0.686075797561756295,-0.686075797561756295,0.000173409820471358
6,full_diag_l0,1406,0.686075797561756295,-0.686075797561756295,0.686075797561756295,-0.686075797561756295,0.686075797561756295,0.686075797561756295,0.686075797561756295,0.686075797561756295,0.686075797561756295,-0.686075797561756295,0.686075797561756295,0.000173409820471358
6,full_diag_l0,1407,0.686075797561756295,-0.686075797561756295,0.686075797561756295,-0.686075797561756295,0.686075797561756295,0.686075797561756295,0.686075797561756295,0.686075797561756295,0.686075797561756295,0.686075797561756295,-0.686075797561756295,0.000173409820471358
6,full_diag_l0,1408,0.686075797561756295,-0.686075797561756295,0.686075797561756295,-0.686075797561756295,0.686075797561756295,0.686075797561756295,0.686075797561756295,0.686075797561756295,0.686075797561756295,0.686075797561756295,0.686075797561756295,0.000173409820471358
6,full_diag_l0,1409,0.686075797561756295,-0.686075797561756295,0.686075797561756295,0.686075797561756295,-0.686075797561756295,-0.686075797561756295,-0.686075797561756295,-0.686075797561756295,-0.686075797561756295,-0.686075797561756295,-0.686075797561756295,0.000173409820471358
6,full_diag_l0,1410,0.686075797561756295,-0.686075797561756295,0.686075797561756295,0.686075797561756295,-0.686075797561756295,-0.686075797561756295,-0.686075797561756295,-0.686075797561756295,-0.686075797561756295,-0.686075797561756295,0.686075797561756295,0.000173409820471358
6,full_diag_l0,1411,0.686075797561756295,-0.686075797561756295,0.686075797561756295,0.686075797561756295,-0.686075797561756295,-0.686075797561756295,-0.686075797561756295,-0.686075797561756295,-0.686075797561756295,0.686075797561756295,-0.686075797561756295,0.000173409820471358
6,full_diag_l0,1412,0.686075797561756295,-0.686075797561756295,0.686075797561756295,0.686075797561756295,-0.686075797561756295,-0.686075797561756295,-0.686075797561756295,-0.686075797561756295,-0.686075797561756295,0.686075797561756295,0.686075797561756295,0.000173409820471358
6,full_diag_l0,1413,0.686075797561756295,-0.686075797561756295,0.686075797561756295,0.686075797561756295,-0.686075797561756295,-0.686075797561756295,-0.686075797561756295,-0.686075797561756295,0.686075797561756295,-0.686075797561756295,-0.686075797561756295,0.000173409820471358
6,full_diag_l0,1414,0.686075797561756295,-0.686075797561756295,0.686075797561756295,0.686075797561756295,-0.686075797561756295,-0.686075797561756295,-0.686075797561756295,-0.686075797561756295,0.686075797561756295,-0.686075797561756295,0.686075797561756295,0.000173409820471358
6,full_diag_l0,1415,0.686075797561756295,-0.686075797561756295,0.686075797561756295,0.686075797561756295,-0.686075797561756295,-0.686075797561756295,-0.686075797561756295,-0.686075797561756295,0.686075797561756295,0.686075797561756295,-0.686075797561756295,0.000173409820471358
6,full_diag_l0,1416,0.686075797561756295,-0.686075797561756295,0.686075797561756295,0.686075797561756295,-0.686075797561756295,-0.686075797561756295,-0.686075797561756295,-0.686075797561756295,0.686075797561756295,0.686075797561756295,0.686075797561756295,0.000173409820471358
6,full_diag_l0,1417,0.686075797561756295,-0.686075797561756295,0.686075797561756295,0.686075797561756295,-0.686075797561756295,-0.686075797561756295,-0.686075797561756295,0.686075797561756295,-0.686075797561756295,-0.686075797561756295,-0.686075797561756295,0.000173409820471358
6,full_diag_l0,1418,0.686075797561756295,-0.686075797561756295,0.686075797561756295,0.686075797561756295,-0.686075797561756295,-0.686075797561756295,-0.686075797561756295,0.686075797561756295,-0.686075797561756295,-0.686075797561756295,0.686075797561756295,0.000173409820471358
6,full_diag_l0,1419,0.686075797561756295,-0.686075797561756295,0.686075797561756295,0.686075797561756295,-0.686075797561756295,-0.686075797561756295,-0.686075797561756295,0.686075797561756295,-0.686075797561756295,0.686075797561756295,-0.686075797561756295,0.000173409820471358
6,full_diag_l0,1420,0.686075797561756295,-0.686075797561756295,0.686075797561756295,0.686075797561756295,-0.686075797561756295,-0.686075797561756295,-0.686075797561756295,0.686075797561756295,-0.686075797561756295,0.686075797561756295,0.686075797561756295,0.000173409820471358
6,full_diag_l0,1421,0.686075797561756295,-0.686075797561756295,0.686075797561756295,0.686075797561756295,-0.686075797561756295,-0.686075797561756295,-0.686075797561756295,0.686075797561756295,0.686075797561756295,-0.686075797561756295,-0.686075797561756295,0.000173409820471358
6,full_diag_l0,1422,0.686075797561756295,-0.686075797561756295,0.686075797561756295,0.686075797561756295,-0.686075797561756295,-0.686075797561756295,-0.686075797561756295,0.686075797561756295,0.686075797561756295,-0.686075797561756295,0.686075797561756295,0.000173409820471358
6,full_diag_l0,1423,0.686075797561756295,-0.686075797561756295,0.686075797561756295,0.686075797561756295,-0.686075797561756295,-0.686075797561756295,-0.686075797561756295,0.686075797561756295,0.686075797561756295,0.686075797561756295,-0.686075797561756295,0.000173409820471358
6,full_diag_l0,1424,0.686075797561756295,-0.686075797561756295,0.686075797561756295,0.686075797561756295,-0.686075797561756295,-0.686075797561756295,-0.686075797561756295,0.686075797561756295,0.686075797561756295,0.686075797561756295,0.686075797561756295,0.000173409820471358
6,full_diag_l0,1425,0.686075797561756295,-0.686075797561756295,0.686075797561756295,0.686075797561756295,-0.686075797561756295,-0.686075797561756295,0.686075797561756295,-0.686075797561756295,-0.686075797561756295,-0.686075797561756295,-0.686075797561756295,0.000173409820471358
6,full_diag_l0,1426,0.686075797561756295,-0.686075797561756295,0.686075797561756295,0.686075797561756295,-0.686075797561756295,-0.686075797561756295,0.686075797561756295,-0.686075797561756295,-0.686075797561756295,-0.686075797561756295,0.686075797561756295,0.000173409820471358
6,full_diag_l0,1427,0.686075797561756295,-0.686075797561756295,0.686075797561756295,0.686075797561756295,-0.686075797561756295,-0.686075797561756295,0.686075797561756295,-0.686075797561756295,-0.686075797561756295,0.686075797561756295,-0.686075797561756295,0.000173409820471358
6,full_diag_l0,1428,0.686075797561756295,-0.686075797561756295,0.686075797561756295,0.686075797561756295,-0.686075797561756295,-0.686075797561756295,0.686075797561756295,-0.686075797561756295,-0.686075797561756295,0.686075797561756295,0.686075797561756295,0.000173409820471358
6,full_diag_l0,1429,0.686075797561756295,-0.686075797561756295,0.686075797561756295,0.686075797561756295,-0.686075797561756295,-0.686075797561756295,0.686075797561756295,-0.686075797561756295,0.686075797561756295,-0.686075797561756295,-0.686075797561756295,0.000173409820471358
6,full_diag_l0,1430,0.686075797561756295,-0.686075797561756295,0.686075797561756295,0.686075797561756295,-0.686075797561756295,-0.686075797561756295,0.686075797561756295,-0.686075797561756295,0.686075797561756295,-0.686075797561756295,0.686075797561756295,0.000173409820471358
6,full_diag_l0,1431,0.686075797561756295,-0.686075797561756295,0.686075797561756295,0.686075797561756295,-0.686075797561756295,-0.686075797561756295,0.686075797561756295,-0.686075797561756295,0.686075797561756295,0.686075797561756295,-0.686075797561756295,0.000173409820471358
6,full_diag_l0,1432,0.686075797561756295,-0.686075797561756295,0.686075797561756295,0.686075797561756295,-0.686075797561756295,-0.686075797561756295,0.686075797561756295,-0.686075797561756295,0.686075797561756295,0.686075797561756295,0.686075797561756295,0.000173409820471358
6,full_diag_l0,1433,0.686075797561756295,-0.686075797561756295,0.686075797561756295,0.686075797561756295,-0.686075797561756295,-0.686075797561756295,0.686075797561756295,0.686075797561756295,-0.686075797561756295,-0.686075797561756295,-0.686075797561756295,0.000173409820471358
6,full_diag_l0,1434,0.686075797561756295,-0.686075797561756295,0.686075797561756295,0.686075797561756295,-0.686075797561756295,-0.686075797561756295,0.686075797561756295,0.686075797561756295,-0.686075797561756295,-0.686075797561756295,0.686075797561756295,0.000173409820471358
6,full_diag_l0,1435,0.686075797561756295,-0.686075797561756295,0.686075797561756295,0.686075797561756295,-0.686075797561756295,-0.686075797561756295,0.686075797561756295,0.686075797561756295,-0.686075797561756295,0.686075797561756295,-0.686075797561756295,0.000173409820471358
6,full_diag_l0,1436,0.686075797561756295,-0.686075797561756295,0.686075797561756295,0.686075797561756295,-0.686075797561756295,-0.686075797561756295,0.686075797561756295,0.686075797561756295,-0.686075797561756295,0.686075797561756295,0.686075797561756295,0.000173409820471358
6,full_diag_l0,1437,0.686075797561756295,-0.686075797561756295,0.686075797561756295,0.686075797561756295,-0.686075797561756295,-0.686075797561756295,0.686075797561756295,0.686075797561756295,0.686075797561756295,-0.686075797561756295,-0.686075797561756295,0.000173409820471358
6,full_diag_l0,1438,0.686075797561756295,-0.686075797561756295,0.686075797561756295,0.686075797561756295,-0.686075797561756295,-0.686075797561756295,0.686075797561756295,0.686075797561756295,0.686075797561756295,-0.686075797561756295,0.686075797561756295,0.000173409820471358
6,full_diag_l0,1439,0.686075797561756295,-0.686075797561756295,0.686075797561756295,0.686075797561756295,-0.686075797561756295,-0.686075797561756295,0.686075797561756295,0.686075797561756295,0.686075797561756295,0.686075797561756295,-0.686075797561756295,0.000173409820471358
6,full_diag_l0,1440,0.686075797561756295,-0.686075797561756295,0.686075797561756295,0.686075797561756295,-0.686075797561756295,-0.686075797561756295,0.686075797561756295,0.686075797561756295,0.686075797561756295,0.686075797561756295,0.686075797561756295,0.000173409820471358
6,full_diag_l0,1441,0.686075797561756295,-0.686075797561756295,0.686075797561756295,0.686075797561756295,-0.686075797561756295,0.686075797561756295,-0.686075797561756295,-0.686075797561756295,-0.686075797561756295,-0.686075797561756295,-0.686075797561756295,0.000173409820471358
6,full_diag_l0,1442,0.686075797561756295,-0.686075797561756295,0.686075797561756295,0.686075797561756295,-0.686075797561756295,0.686075797561756295,-0.686075797561756295,-0.686075797561756295,-0.686075797561756295,-0.686075797561756295,0.686075797561756295,0.000173409820471358
6,full_diag_l0,1443,0.686075797561756295,-0.686075797561756295,0.686075797561756295,0.686075797561756295,-0.686075797561756295,0.686075797561756295,-0.686075797561756295,-0.686075797561756295,-0.686075797561756295,0.686075797561756295,-0.686075797561756295,0.000173409820471358
6,full_diag_l0,1444,0.686075797561756295,-0.686075797561756295,0.686075797561756295,0.686075797561756295,-0.686075797561756295,0.686075797561756295,-0.686075797561756295,-0.686075797561756295,-0.686075797561756295,0.686075797561756295,0.686075797561756295,0.000173409820471358
6,full_diag_l0,1445,0.686075797561756295,-0.686075797561756295,0.686075797561756295,0.686075797561756295,-0.686075797561756295,0.686075797561756295,-0.686075797561756295,-0.686075797561756295,0.686075797561756295,-0.686075797561756295,-0.686075797561756295,0.000173409820471358
6,full_diag_l0,1446,0.686075797561756295,-0.686075797561756295,0.686075797561756295,0.686075797561756295,-0.686075797561756295,0.686075797561756295,-0.686075797561756295,-0.686075797561756295,0.686075797561756295,-0.686075797561756295,0.686075797561756295,0.000173409820471358
6,full_diag_l0,1447,0.686075797561756295,-0.686075797561756295,0.686075797561756295,0.686075797561756295,-0.686075797561756295,0.686075797561756295,-0.686075797561756295,-0.686075797561756295,0.686075797561756295,0.686075797561756295,-0.686075797561756295,0.000173409820471358
6,full_diag_l0,1448,0.686075797561756295,-0.686075797561756295,0.686075797561756295,0.686075797561756295,-0.686075797561756295,0.686075797561756295,-0.686075797561756295,-0.686075797561756295,0.686075797561756295,0.686075797561756295,0.686075797561756295,0.000173409820471358
6,full_diag_l0,1449,0.686075797561756295,-0.686075797561756295,0.686075797561756295,0.686075797561756295,-0.686075797561756295,0.686075797561756295,-0.686075797561756295,0.686075797561756295,-0.686075797561756295,-0.686075797561756295,-0.686075797561756295,0.000173409820471358
6,full_diag_l0,1450,0.686075797561756295,-0.686075797561756295,0.686075797561756295,0.686075797561756295,-0.686075797561756295,0.686075797561756295,-0.686075797561756295,0.686075797561756295,-0.686075797561756295,-0.686075797561756295,0.686075797561756295,0.000173409820471358
6,full_diag_l0,1451,0.686075797561756295,-0.686075797561756295,0.686075797561756295,0.686075797561756295,-0.686075797561756295,0.686075797561756295,-0.686075797561756295,0.686075797561756295,-0.686075797561756295,0.686075797561756295,-0.686075797561756295,0.000173409820471358
6,full_diag_l0,1452,0.686075797561756295,-0.686075797561756295,0.686075797561756295,0.686075797561756295,-0.686075797561756295,0.686075797561756295,-0.686075797561756295,0.686075797561756295,-0.686075797561756295,0.686075797561756295,0.686075797561756295,0.000173409820471358
6,full_diag_l0,1453,0.686075797561756295,-0.686075797561756295,0.686075797561756295,0.686075797561756295,-0.686075797561756295,0.686075797561756295,-0.686075797561756295,0.686075797561756295,0.686075797561756295,-0.686075797561756295,-0.686075797561756295,0.000173409820471358
6,full_diag_l0,1454,0.686075797561756295,-0.686075797561756295,0.686075797561756295,0.686075797561756295,-0.686075797561756295,0.686075797561756295,-0.686075797561756295,0.686075797561756295,0.686075797561756295,-0.686075797561756295,0.686075797561756295,0.000173409820471358
6,full_diag_l0,1455,0.686075797561756295,-0.686075797561756295,0.686075797561756295,0.686075797561756295,-0.686075797561756295,0.686075797561756295,-0.686075797561756295,0.686075797561756295,0.686075797561756295,0.686075797561756295,-0.686075797561756295,0.000173409820471358
6,full_diag_l0,1456,0.686075797561756295,-0.686075797561756295,0.686075797561756295,0.686075797561756295,-0.686075797561756295,0.686075797561756295,-0.686075797561756295,0.686075797561756295,0.686075797561756295,0.686075797561756295,0.686075797561756295,0.000173409820471358
6,full_diag_l0,1457,0.686075797561756295,-0.686075797561756295,0.686075797561756295,0.686075797561756295,-0.686075797561756295,0.686075797561756295,0.686075797561756295,-0.686075797561756295,-0.686075797561756295,-0.686075797561756295,-0.686075797561756295,0.000173409820471358
6,full_diag_l0,1458,0.686075797561756295,-0.686075797561756295,0.686075797561756295,0.686075797561756295,-0.686075797561756295,0.686075797561756295,0.686075797561756295,-0.686075797561756295,-0.686075797561756295,-0.686075797561756295,0.686075797561756295,0.000173409820471358
6,full_diag_l0,1459,0.686075797561756295,-0.686075797561756295,0.686075797561756295,0.686075797561756295,-0.686075797561756295,0.686075797561756295,0.686075797561756295,-0.686075797561756295,-0.686075797561756295,0.686075797561756295,-0.686075797561756295,0.000173409820471358
6,full_diag_l0,1460,0.686075797561756295,-0.686075797561756295,0.686075797561756295,0.686075797561756295,-0.686075797561756295,0.686075797561756295,0.686075797561756295,-0.686075797561756295,-0.686075797561756295,0.686075797561756295,0.686075797561756295,0.000173409820471358
6,full_diag_l0,1461,0.686075797561756295,-0.686075797561756295,0.686075797561756295,0.686075797561756295,-0.686075797561756295,0.686075797561756295,0.686075797561756295,-0.686075797561756295,0.686075797561756295,-0.686075797561756295,-0.686075797561756295,0.000173409820471358
6,full_diag_l0,1462,0.686075797561756295,-0.686075797561756295,0.686075797561756295,0.686075797561756295,-0.686075797561756295,0.686075797561756295,0.686075797561756295,-0.686075797561756295,0.686075797561756295,-0.686075797561756295,0.686075797561756295,0.000173409820471358
6,full_diag_l0,1463,0.686075797561756295,-0.686075797561756295,0.686075797561756295,0.686075797561756295,-0.686075797561756295,0.686075797561756295,0.686075797561756295,-0.686075797561756295,0.686075797561756295,0.686075797561756295,-0.686075797561756295,0.000173409820471358
6,full_diag_l0,1464,0.686075797561756295,-0.686075797561756295,0.686075797561756295,0.686075797561756295,-0.686075797561756295,0.686075797561756295,0.686075797561756295,-0.686075797561756295,0.686075797561756295,0.686075797561756295,0.686075797561756295,0.000173409820471358
6,full_diag_l0,1465,0.686075797561756295,-0.686075797561756295,0.686075797561756295,0.686075797561756295,-0.686075797561756295,0.686075797561756295,0.686075797561756295,0.686075797561756295,-0.686075797561756295,-0.686075797561756295,-0.686075797561756295,0.000173409820471358
6,full_diag_l0,1466,0.686075797561756295,-0.686075797561756295,0.686075797561756295,0.686075797561756295,-0.686075797561756295,0.686075797561756295,0.686075797561756295,0.686075797561756295,-0.686075797561756295,-0.686075797561756295,0.686075797561756295,0.000173409820471358
6,full_diag_l0,1467,0.686075797561756295,-0.686075797561756295,0.686075797561756295,0.686075797561756295,-0.686075797561756295,0.686075797561756295,0.686075797561756295,0.686075797561756295,-0.686075797561756295,0.686075797561756295,-0.686075797561756295,0.000173409820471358
6,full_diag_l0,1468,0.686075797561756295,-0.686075797561756295,0.686075797561756295,0.686075797561756295,-0.686075797561756295,0.686075797561756295,0.686075797561756295,0.686075797561756295,-0.686075797561756295,0.686075797561756295,0.686075797561756295,0.000173409820471358
6,full_diag_l0,1469,0.686075797561756295,-0.686075797561756295,0.686075797561756295,0.686075797561756295,-0.686075797561756295,0.686075797561756295,0.686075797561756295,0.686075797561756295,0.686075797561756295,-0.686075797561756295,-0.686075797561756295,0.000173409820471358
6,full_diag_l0,1470,0.686075797561756295,-0.686075797561756295,0.686075797561756295,0.686075797561756295,-0.686075797561756295,0.686075797561756295,0.686075797561756295,0.686075797561756295,0.686075797561756295,-0.686075797561756295,0.686075797561756295,0.000173409820471358
6,full_diag_l0,1471,0.686075797561756295,-0.686075797561756295,0.686075797561756295,0.686075797561756295,-0.686075797561756295,0.686075797561756295,0.686075797561756295,0.686075797561756295,0.686075797561756295,0.686075797561756295,-0.686075797561756295,0.000173409820471358
6,full_diag_l0,1472,0.686075797561756295,-0.686075797561756295,0.686075797561756295,0.686075797561756295,-0.686075797561756295,0.686075797561756295,0.686075797561756295,0.686075797561756295,0.686075797561756295,0.686075797561756295,0.686075797561756295,0.000173409820471358
6,full_diag_l0,1473,0.686075797561756295,-0.686075797561756295,0.686075797561756295,0.686075797561756295,0.686075797561756295,-0.686075797561756295,-0.686075797561756295,-0.686075797561756295,-0.686075797561756295,-0.686075797561756295,-0.686075797561756295,0.000173409820471358
6,full_diag_l0,1474,0.686075797561756295,-0.686075797561756295,0.686075797561756295,0.686075797561756295,0.686075797561756295,-0.686075797561756295,-0.686075797561756295,-0.686075797561756295,-0.686075797561756295,-0.686075797561756295,0.686075797561756295,0.000173409820471358
6,full_diag_l0,1475,0.686075797561756295,-0.686075797561756295,0.686075797561756295,0.686075797561756295,0.686075797561756295,-0.686075797561756295,-0.686075797561756295,-0.686075797561756295,-0.686075797561756295,0.686075797561756295,-0.686075797561756295,0.000173409820471358
6,full_diag_l0,1476,0.686075797561756295,-0.686075797561756295,0.686075797561756295,0.686075797561756295,0.686075797561756295,-0.686075797561756295,-0.686075797561756295,-0.686075797561756295,-0.686075797561756295,0.686075797561756295,0.686075797561756295,0.000173409820471358
6,full_diag_l0,1477,0.686075797561756295,-0.686075797561756295,0.686075797561756295,0.686075797561756295,0.686075797561756295,-0.686075797561756295,-0.686075797561756295,-0.686075797561756295,0.686075797561756295,-0.686075797561756295,-0.686075797561756295,0.000173409820471358
6,full_diag_l0,1478,0.686075797561756295,-0.686075797561756295,0.686075797561756295,0.686075797561756295,0.686075797561756295,-0.686075797561756295,-0.686075797561756295,-0.686075797561756295,0.686075797561756295,-0.686075797561756295,0.686075797561756295,0.000173409820471358
6,full_diag_l0,1479,0.686075797561756295,-0.686075797561756295,0.686075797561756295,0.686075797561756295,0.686075797561756295,-0.686075797561756295,-0.686075797561756295,-0.686075797561756295,0.686075797561756295,0.686075797561756295,-0.686075797561756295,0.000173409820471358
6,full_diag_l0,1480,0.686075797561756295,-0.686075797561756295,0.686075797561756295,0.686075797561756295,0.686075797561756295,-0.686075797561756295,-0.686075797561756295,-0.686075797561756295,0.686075797561756295,0.686075797561756295,0.686075797561756295,0.000173409820471358
6,full_diag_l0,1481,0.686075797561756295,-0.686075797561756295,0.686075797561756295,0.686075797561756295,0.686075797561756295,-0.686075797561756295,-0.686075797561756295,0.686075797561756295,-0.686075797561756295,-0.686075797561756295,-0.686075797561756295,0.000173409820471358
6,full_diag_l0,1482,0.686075797561756295,-0.686075797561756295,0.686075797561756295,0.686075797561756295,0.686075797561756295,-0.686075797561756295,-0.686075797561756295,0.686075797561756295,-0.686075797561756295,-0.686075797561756295,0.686075797561756295,0.000173409820471358
6,full_diag_l0,1483,0.686075797561756295,-0.686075797561756295,0.686075797561756295,0.686075797561756295,0.686075797561756295,-0.686075797561756295,-0.686075797561756295,0.686075797561756295,-0.686075797561756295,0.686075797561756295,-0.686075797561756295,0.000173409820471358
6,full_diag_l0,1484,0.686075797561756295,-0.686075797561756295,0.686075797561756295,0.686075797561756295,0.686075797561756295,-0.686075797561756295,-0.686075797561756295,0.686075797561756295,-0.686075797561756295,0.686075797561756295,0.686075797561756295,0.000173409820471358
6,full_diag_l0,1485,0.686075797561756295,-0.686075797561756295,0.686075797561756295,0.686075797561756295,0.686075797561756295,-0.686075797561756295,-0.686075797561756295,0.686075797561756295,0.686075797561756295,-0.686075797561756295,-0.686075797561756295,0.000173409820471358
6,full_diag_l0,1486,0.686075797561756295,-0.686075797561756295,0.686075797561756295,0.686075797561756295,0.686075797561756295,-0.686075797561756295,-0.686075797561756295,0.686075797561756295,0.686075797561756295,-0.686075797561756295,0.686075797561756295,0.000173409820471358
6,full_diag_l0,1487,0.686075797561756295,-0.686075797561756295,0.686075797561756295,0.686075797561756295,0.686075797561756295,-0.686075797561756295,-0.686075797561756295,0.686075797561756295,0.686075797561756295,0.686075797561756295,-0.686075797561756295,0.000173409820471358
6,full_diag_l0,1488,0.686075797561756295,-0.686075797561756295,0.686075797561756295,0.686075797561756295,0.686075797561756295,-0.686075797561756295,-0.686075797561756295,0.686075797561756295,0.686075797561756295,0.686075797561756295,0.686075797561756295,0.000173409820471358
6,full_diag_l0,1489,0.686075797561756295,-0.686075797561756295,0.686075797561756295,0.686075797561756295,0.686075797561756295,-0.686075797561756295,0.686075797561756295,-0.686075797561756295,-0.686075797561756295,-0.686075797561756295,-0.686075797561756295,0.000173409820471358
6,full_diag_l0,1490,0.686075797561756295,-0.686075797561756295,0.686075797561756295,0.686075797561756295,0.686075797561756295,-0.686075797561756295,0.686075797561756295,-0.686075797561756295,-0.686075797561756295,-0.686075797561756295,0.686075797561756295,0.000173409820471358
6,full_diag_l0,1491,0.686075797561756295,-0.686075797561756295,0.686075797561756295,0.686075797561756295,0.686075797561756295,-0.686075797561756295,0.686075797561756295,-0.686075797561756295,-0.686075797561756295,0.686075797561756295,-0.686075797561756295,0.000173409820471358
6,full_diag_l0,1492,0.686075797561756295,-0.686075797561756295,0.686075797561756295,0.686075797561756295,0.686075797561756295,-0.686075797561756295,0.686075797561756295,-0.686075797561756295,-0.686075797561756295,0.686075797561756295,0.686075797561756295,0.000173409820471358
6,full_diag_l0,1493,0.686075797561756295,-0.686075797561756295,0.686075797561756295,0.686075797561756295,0.686075797561756295,-0.686075797561756295,0.686075797561756295,-0.686075797561756295,0.686075797561756295,-0.686075797561756295,-0.686075797561756295,0.000173409820471358
6,full_diag_l0,1494,0.686075797561756295,-0.686075797561756295,0.686075797561756295,0.686075797561756295,0.686075797561756295,-0.686075797561756295,0.686075797561756295,-0.686075797561756295,0.686075797561756295,-0.686075797561756295,0.686075797561756295,0.000173409820471358
6,full_diag_l0,1495,0.686075797561756295,-0.686075797561756295,0.686075797561756295,0.686075797561756295,0.686075797561756295,-0.686075797561756295,0.686075797561756295,-0.686075797561756295,0.686075797561756295,0.686075797561756295,-0.686075797561756295,0.000173409820471358
6,full_diag_l0,1496,0.686075797561756295,-0.686075797561756295,0.686075797561756295,0.686075797561756295,0.686075797561756295,-0.686075797561756295,0.686075797561756295,-0.686075797561756295,0.686075797561756295,0.686075797561756295,0.686075797561756295,0.000173409820471358
6,full_diag_l0,1497,0.686075797561756295,-0.686075797561756295,0.686075797561756295,0.686075797561756295,0.686075797561756295,-0.686075797561756295,0.686075797561756295,0.686075797561756295,-0.686075797561756295,-0.686075797561756295,-0.686075797561756295,0.000173409820471358
6,full_diag_l0,1498,0.686075797561756295,-0.686075797561756295,0.686075797561756295,0.686075797561756295,0.686075797561756295,-0.686075797561756295,0.686075797561756295,0.686075797561756295,-0.686075797561756295,-0.686075797561756295,0.686075797561756295,0.000173409820471358
6,full_diag_l0,1499,0.686075797561756295,-0.686075797561756295,0.686075797561756295,0.686075797561756295,0.686075797561756295,-0.686075797561756295,0.686075797561756295,0.686075797561756295,-0.686075797561756295,0.686075797561756295,-0.686075797561756295,0.000173409820471358
6,full_diag_l0,1500,0.686075797561756295,-0.686075797561756295,0.686075797561756295,0.686075797561756295,0.686075797561756295,-0.686075797561756295,0.686075797561756295,0.686075797561756295,-0.686075797561756295,0.686075797561756295,0.686075797561756295,0.000173409820471358
6,full_diag_l0,1501,0.686075797561756295,-0.686075797561756295,0.686075797561756295,0.686075797561756295,0.686075797561756295,-0.686075797561756295,0.686075797561756295,0.686075797561756295,0.686075797561756295,-0.686075797561756295,-0.686075797561756295,0.000173409820471358
6,full_diag_l0,1502,0.686075797561756295,-0.686075797561756295,0.686075797561756295,0.686075797561756295,0.686075797561756295,-0.686075797561756295,0.686075797561756295,0.686075797561756295,0.686075797561756295,-0.686075797561756295,0.686075797561756295,0.000173409820471358
6,full_diag_l0,1503,0.686075797561756295,-0.686075797561756295,0.686075797561756295,0.686075797561756295,0.686075797561756295,-0.686075797561756295,0.686075797561756295,0.686075797561756295,0.686075797561756295,0.686075797561756295,-0.686075797561756295,0.000173409820471358
6,full_diag_l0,1504,0.686075797561756295,-0.686075797561756295,0.686075797561756295,0.686075797561756295,0.686075797561756295,-0.686075797561756295,0.686075797561756295,0.686075797561756295,0.686075797561756295,0.686075797561756295,0.686075797561756295,0.000173409820471358
6,full_diag_l0,1505,0.686075797561756295,-0.686075797561756295,0.686075797561756295,0.686075797561756295,0.686075797561756295,0.686075797561756295,-0.686075797561756295,-0.686075797561756295,-0.686075797561756295,-0.686075797561756295,-0.686075797561756295,0.000173409820471358
6,full_diag_l0,1506,0.686075797561756295,-0.686075797561756295,0.686075797561756295,0.686075797561756295,0.686075797561756295,0.686075797561756295,-0.686075797561756295,-0.686075797561756295,-0.686075797561756295,-0.686075797561756295,0.686075797561756295,0.000173409820471358
6,full_diag_l0,1507,0.686075797561756295,-0.686075797561756295,0.686075797561756295,0.686075797561756295,0.686075797561756295,0.686075797561756295,-0.686075797561756295,-0.686075797561756295,-0.686075797561756295,0.686075797561756295,-0.686075797561756295,0.000173409820471358
6,full_diag_l0,1508,0.686075797561756295,-0.686075797561756295,0.686075797561756295,0.686075797561756295,0.686075797561756295,0.686075797561756295,-0.686075797561756295,-0.686075797561756295,-0.686075797561756295,0.686075797561756295,0.686075797561756295,0.000173409820471358
6,full_diag_l0,1509,0.686075797561756295,-0.686075797561756295,0.686075797561756295,0.686075797561756295,0.686075797561756295,0.686075797561756295,-0.686075797561756295,-0.686075797561756295,0.686075797561756295,-0.686075797561756295,-0.686075797561756295,0.000173409820471358
6,full_diag_l0,1510,0.686075797561756295,-0.686075797561756295,0.686075797561756295,0.686075797561756295,0.686075797561756295,0.686075797561756295,-0.686075797561756295,-0.686075797561756295,0.686075797561756295,-0.686075797561756295,0.686075797561756295,0.000173409820471358
6,full_diag_l0,1511,0.686075797561756295,-0.686075797561756295,0.686075797561756295,0.686075797561756295,0.686075797561756295,0.686075797561756295,-0.686075797561756295,-0.686075797561756295,0.686075797561756295,0.686075797561756295,-0.686075797561756295,0.000173409820471358
6,full_diag_l0,1512,0.686075797561756295,-0.686075797561756295,0.686075797561756295,0.686075797561756295,0.686075797561756295,0.686075797561756295,-0.686075797561756295,-0.686075797561756295,0.686075797561756295,0.686075797561756295,0.686075797561756295,0.000173409820471358
6,full_diag_l0,1513,0.686075797561756295,-0.686075797561756295,0.686075797561756295,0.686075797561756295,0.686075797561756295,0.686075797561756295,-0.686075797561756295,0.686075797561756295,-0.686075797561756295,-0.686075797561756295,-0.686075797561756295,0.000173409820471358
6,full_diag_l0,1514,0.686075797561756295,-0.686075797561756295,0.686075797561756295,0.686075797561756295,0.686075797561756295,0.686075797561756295,-0.686075797561756295,0.686075797561756295,-0.686075797561756295,-0.686075797561756295,0.686075797561756295,0.000173409820471358
6,full_diag_l0,1515,0.686075797561756295,-0.686075797561756295,0.686075797561756295,0.686075797561756295,0.686075797561756295,0.686075797561756295,-0.686075797561756295,0.686075797561756295,-0.686075797561756295,0.686075797561756295,-0.686075797561756295,0.000173409820471358
6,full_diag_l0,1516,0.686075797561756295,-0.686075797561756295,0.686075797561756295,0.686075797561756295,0.686075797561756295,0.686075797561756295,-0.686075797561756295,0.686075797561756295,-0.686075797561756295,0.686075797561756295,0.686075797561756295,0.000173409820471358
6,full_diag_l0,1517,0.686075797561756295,-0.686075797561756295,0.686075797561756295,0.686075797561756295,0.686075797561756295,0.686075797561756295,-0.686075797561756295,0.686075797561756295,0.686075797561756295,-0.686075797561756295,-0.686075797561756295,0.000173409820471358
6,full_diag_l0,1518,0.686075797561756295,-0.686075797561756295,0.686075797561756295,0.686075797561756295,0.686075797561756295,0.686075797561756295,-0.686075797561756295,0.686075797561756295,0.686075797561756295,-0.686075797561756295,0.686075797561756295,0.000173409820471358
6,full_diag_l0,1519,0.686075797561756295,-0.686075797561756295,0.686075797561756295,0.686075797561756295,0.686075797561756295,0.686075797561756295,-0.686075797561756295,0.686075797561756295,0.686075797561756295,0.686075797561756295,-0.686075797561756295,0.000173409820471358
6,full_diag_l0,1520,0.686075797561756295,-0.686075797561756295,0.686075797561756295,0.686075797561756295,0.686075797561756295,0.686075797561756295,-0.686075797561756295,0.686075797561756295,0.686075797561756295,0.686075797561756295,0.686075797561756295,0.000173409820471358
6,full_diag_l0,1521,0.686075797561756295,-0.686075797561756295,0.686075797561756295,0.686075797561756295,0.686075797561756295,0.686075797561756295,0.686075797561756295,-0.686075797561756295,-0.686075797561756295,-0.686075797561756295,-0.686075797561756295,0.000173409820471358
6,full_diag_l0,1522,0.686075797561756295,-0.686075797561756295,0.686075797561756295,0.686075797561756295,0.686075797561756295,0.686075797561756295,0.686075797561756295,-0.686075797561756295,-0.686075797561756295,-0.686075797561756295,0.686075797561756295,0.000173409820471358
6,full_diag_l0,1523,0.686075797561756295,-0.686075797561756295,0.686075797561756295,0.686075797561756295,0.686075797561756295,0.686075797561756295,0.686075797561756295,-0.686075797561756295,-0.686075797561756295,0.686075797561756295,-0.686075797561756295,0.000173409820471358
6,full_diag_l0,1524,0.686075797561756295,-0.686075797561756295,0.686075797561756295,0.686075797561756295,0.686075797561756295,0.686075797561756295,0.686075797561756295,-0.686075797561756295,-0.686075797561756295,0.686075797561756295,0.686075797561756295,0.000173409820471358
6,full_diag_l0,1525,0.686075797561756295,-0.686075797561756295,0.686075797561756295,0.686075797561756295,0.686075797561756295,0.686075797561756295,0.686075797561756295,-0.686075797561756295,0.686075797561756295,-0.686075797561756295,-0.686075797561756295,0.000173409820471358
6,full_diag_l0,1526,0.686075797561756295,-0.686075797561756295,0.686075797561756295,0.686075797561756295,0.686075797561756295,0.686075797561756295,0.686075797561756295,-0.686075797561756295,0.686075797561756295,-0.686075797561756295,0.686075797561756295,0.000173409820471358
6,full_diag_l0,1527,0.686075797561756295,-0.686075797561756295,0.686075797561756295,0.686075797561756295,0.686075797561756295,0.686075797561756295,0.686075797561756295,-0.686075797561756295,0.686075797561756295,0.686075797561756295,-0.686075797561756295,0.000173409820471358
6,full_diag_l0,1528,0.686075797561756295,-0.686075797561756295,0.686075797561756295,0.686075797561756295,0.686075797561756295,0.686075797561756295,0.686075797561756295,-0.686075797561756295,0.686075797561756295,0.686075797561756295,0.686075797561756295,0.000173409820471358
6,full_diag_l0,1529,0.686075797561756295,-0.686075797561756295,0.686075797561756295,0.686075797561756295,0.686075797561756295,0.686075797561756295,0.686075797561756295,0.686075797561756295,-0.686075797561756295,-0.686075797561756295,-0.686075797561756295,0.000173409820471358
6,full_diag_l0,1530,0.686075797561756295,-0.686075797561756295,0.686075797561756295,0.686075797561756295,0.686075797561756295,0.686075797561756295,0.686075797561756295,0.686075797561756295,-0.686075797561756295,-0.686075797561756295,0.686075797561756295,0.000173409820471358
6,full_diag_l0,1531,0.686075797561756295,-0.686075797561756295,0.686075797561756295,0.686075797561756295,0.686075797561756295,0.686075797561756295,0.686075797561756295,0.686075797561756295,-0.686075797561756295,0.686075797561756295,-0.686075797561756295,0.000173409820471358
6,full_diag_l0,1532,0.686075797561756295,-0.686075797561756295,0.686075797561756295,0.686075797561756295,0.686075797561756295,0.686075797561756295,0.686075797561756295,0.686075797561756295,-0.686075797561756295,0.686075797561756295,0.686075797561756295,0.000173409820471358
6,full_diag_l0,1533,0.686075797561756295,-0.686075797561756295,0.686075797561756295,0.686075797561756295,0.686075797561756295,0.686075797561756295,0.686075797561756295,0.686075797561756295,0.686075797561756295,-0.686075797561756295,-0.686075797561756295,0.000173409820471358
6,full_diag_l0,1534,0.686075797561756295,-0.686075797561756295,0.686075797561756295,0.686075797561756295,0.686075797561756295,0.686075797561756295,0.686075797561756295,0.686075797561756295,0.686075797561756295,-0.686075797561756295,0.686075797561756295,0.000173409820471358
6,full_diag_l0,1535,0.686075797561756295,-0.686075797561756295,0.686075797561756295,0.686075797561756295,0.686075797561756295,0.686075797561756295,0.686075797561756295,0.686075797561756295,0.686075797561756295,0.686075797561756295,-0.686075797561756295,0.000173409820471358
6,full_diag_l0,1536,0.686075797561756295,-0.686075797561756295,0.686075797561756295,0.686075797561756295,0.686075797561756295,0.686075797561756295,0.686075797561756295,0.686075797561756295,0.686075797561756295,0.686075797561756295,0.686075797561756295,0.000173409820471358
6,full_diag_l0,1537,0.686075797561756295,0.686075797561756295,-0.686075797561756295,-0.686075797561756295,-0.686075797561756295,-0.686075797561756295,-0.686075797561756295,-0.686075797561756295,-0.686075797561756295,-0.686075797561756295,-0.686075797561756295,0.000173409820471358
6,full_diag_l0,1538,0.686075797561756295,0.686075797561756295,-0.686075797561756295,-0.686075797561756295,-0.686075797561756295,-0.686075797561756295,-0.686075797561756295,-0.686075797561756295,-0.686075797561756295,-0.686075797561756295,0.686075797561756295,0.000173409820471358
6,full_diag_l0,1539,0.686075797561756295,0.686075797561756295,-0.686075797561756295,-0.686075797561756295,-0.686075797561756295,-0.686075797561756295,-0.686075797561756295,-0.686075797561756295,-0.686075797561756295,0.686075797561756295,-0.686075797561756295,0.000173409820471358
6,full_diag_l0,1540,0.686075797561756295,0.686075797561756295,-0.686075797561756295,-0.686075797561756295,-0.686075797561756295,-0.686075797561756295,-0.686075797561756295,-0.686075797561756295,-0.686075797561756295,0.686075797561756295,0.686075797561756295,0.000173409820471358
6,full_diag_l0,1541,0.686075797561756295,0.686075797561756295,-0.686075797561756295,-0.686075797561756295,-0.686075797561756295,-0.686075797561756295,-0.686075797561756295,-0.686075797561756295,0.686075797561756295,-0.686075797561756295,-0.686075797561756295,0.000173409820471358
6,full_diag_l0,1542,0.686075797561756295,0.686075797561756295,-0.686075797561756295,-0.686075797561756295,-0.686075797561756295,-0.686075797561756295,-0.686075797561756295,-0.686075797561756295,0.686075797561756295,-0.686075797561756295,0.686075797561756295,0.000173409820471358
6,full_diag_l0,1543,0.686075797561756295,0.686075797561756295,-0.686075797561756295,-0.686075797561756295,-0.686075797561756295,-0.686075797561756295,-0.686075797561756295,-0.686075797561756295,0.686075797561756295,0.686075797561756295,-0.686075797561756295,0.000173409820471358
6,full_diag_l0,1544,0.686075797561756295,0.686075797561756295,-0.686075797561756295,-0.686075797561756295,-0.686075797561756295,-0.686075797561756295,-0.686075797561756295,-0.686075797561756295,0.686075797561756295,0.686075797561756295,0.686075797561756295,0.000173409820471358
6,full_diag_l0,1545,0.686075797561756295,0.686075797561756295,-0.686075797561756295,-0.686075797561756295,-0.686075797561756295,-0.686075797561756295,-0.686075797561756295,0.686075797561756295,-0.686075797561756295,-0.686075797561756295,-0.686075797561756295,0.000173409820471358
6,full_diag_l0,1546,0.686075797561756295,0.686075797561756295,-0.686075797561756295,-0.686075797561756295,-0.686075797561756295,-0.686075797561756295,-0.686075797561756295,0.686075797561756295,-0.686075797561756295,-0.686075797561756295,0.686075797561756295,0.000173409820471358
6,full_diag_l0,1547,0.686075797561756295,0.686075797561756295,-0.686075797561756295,-0.686075797561756295,-0.686075797561756295,-0.686075797561756295,-0.686075797561756295,0.686075797561756295,-0.686075797561756295,0.686075797561756295,-0.686075797561756295,0.000173409820471358
6,full_diag_l0,1548,0.686075797561756295,0.686075797561756295,-0.686075797561756295,-0.686075797561756295,-0.686075797561756295,-0.686075797561756295,-0.686075797561756295,0.686075797561756295,-0.686075797561756295,0.686075797561756295,0.686075797561756295,0.000173409820471358
6,full_diag_l0,1549,0.686075797561756295,0.686075797561756295,-0.686075797561756295,-0.686075797561756295,-0.686075797561756295,-0.686075797561756295,-0.686075797561756295,0.686075797561756295,0.686075797561756295,-0.686075797561756295,-0.686075797561756295,0.000173409820471358
6,full_diag_l0,1550,0.686075797561756295,0.686075797561756295,-0.686075797561756295,-0.686075797561756295,-0.686075797561756295,-0.686075797561756295,-0.686075797561756295,0.686075797561756295,0.686075797561756295,-0.686075797561756295,0.686075797561756295,0.000173409820471358
6,full_diag_l0,1551,0.686075797561756295,0.686075797561756295,-0.686075797561756295,-0.686075797561756295,-0.686075797561756295,-0.686075797561756295,-0.686075797561756295,0.686075797561756295,0.686075797561756295,0.686075797561756295,-0.686075797561756295,0.000173409820471358
6,full_diag_l0,1552,0.686075797561756295,0.686075797561756295,-0.686075797561756295,-0.686075797561756295,-0.686075797561756295,-0.686075797561756295,-0.686075797561756295,0.686075797561756295,0.686075797561756295,0.686075797561756295,0.686075797561756295,0.000173409820471358
6,full_diag_l0,1553,0.686075797561756295,0.686075797561756295,-0.686075797561756295,-0.686075797561756295,-0.686075797561756295,-0.686075797561756295,0.686075797561756295,-0.686075797561756295,-0.686075797561756295,-0.686075797561756295,-0.686075797561756295,0.000173409820471358
6,full_diag_l0,1554,0.686075797561756295,0.686075797561756295,-0.686075797561756295,-0.686075797561756295,-0.686075797561756295,-0.686075797561756295,0.686075797561756295,-0.686075797561756295,-0.686075797561756295,-0.686075797561756295,0.686075797561756295,0.000173409820471358
6,full_diag_l0,1555,0.686075797561756295,0.686075797561756295,-0.686075797561756295,-0.686075797561756295,-0.686075797561756295,-0.686075797561756295,0.686075797561756295,-0.686075797561756295,-0.686075797561756295,0.686075797561756295,-0.686075797561756295,0.000173409820471358
6,full_diag_l0,1556,0.686075797561756295,0.686075797561756295,-0.686075797561756295,-0.686075797561756295,-0.686075797561756295,-0.686075797561756295,0.686075797561756295,-0.686075797561756295,-0.686075797561756295,0.686075797561756295,0.686075797561756295,0.000173409820471358
6,full_diag_l0,1557,0.686075797561756295,0.686075797561756295,-0.686075797561756295,-0.686075797561756295,-0.686075797561756295,-0.686075797561756295,0.686075797561756295,-0.686075797561756295,0.686075797561756295,-0.686075797561756295,-0.686075797561756295,0.000173409820471358
6,full_diag_l0,1558,0.686075797561756295,0.686075797561756295,-0.686075797561756295,-0.686075797561756295,-0.686075797561756295,-0.686075797561756295,0.686075797561756295,-0.686075797561756295,0.686075797561756295,-0.686075797561756295,0.686075797561756295,0.000173409820471358
6,full_diag_l0,1559,0.686075797561756295,0.686075797561756295,-0.686075797561756295,-0.686075797561756295,-0.686075797561756295,-0.686075797561756295,0.686075797561756295,-0.686075797561756295,0.686075797561756295,0.686075797561756295,-0.686075797561756295,0.000173409820471358
6,full_diag_l0,1560,0.686075797561756295,0.686075797561756295,-0.686075797561756295,-0.686075797561756295,-0.686075797561756295,-0.686075797561756295,0.686075797561756295,-0.686075797561756295,0.686075797561756295,0.686075797561756295,0.686075797561756295,0.000173409820471358
6,full_diag_l0,1561,0.686075797561756295,0.686075797561756295,-0.686075797561756295,-0.686075797561756295,-0.686075797561756295,-0.686075797561756295,0.686075797561756295,0.686075797561756295,-0.686075797561756295,-0.686075797561756295,-0.686075797561756295,0.000173409820471358
6,full_diag_l0,1562,0.686075797561756295,0.686075797561756295,-0.686075797561756295,-0.686075797561756295,-0.686075797561756295,-0.686075797561756295,0.686075797561756295,0.686075797561756295,-0.686075797561756295,-0.686075797561756295,0.686075797561756295,0.000173409820471358
6,full_diag_l0,1563,0.686075797561756295,0.686075797561756295,-0.686075797561756295,-0.686075797561756295,-0.686075797561756295,-0.686075797561756295,0.686075797561756295,0.686075797561756295,-0.686075797561756295,0.686075797561756295,-0.686075797561756295,0.000173409820471358
6,full_diag_l0,1564,0.686075797561756295,0.686075797561756295,-0.686075797561756295,-0.686075797561756295,-0.686075797561756295,-0.686075797561756295,0.686075797561756295,0.686075797561756295,-0.686075797561756295,0.686075797561756295,0.686075797561756295,0.000173409820471358
6,full_diag_l0,1565,0.686075797561756295,0.686075797561756295,-0.686075797561756295,-0.686075797561756295,-0.686075797561756295,-0.686075797561756295,0.686075797561756295,0.686075797561756295,0.686075797561756295,-0.686075797561756295,-0.686075797561756295,0.000173409820471358
6,full_diag_l0,1566,0.686075797561756295,0.686075797561756295,-0.686075797561756295,-0.686075797561756295,-0.686075797561756295,-0.686075797561756295,0.686075797561756295,0.686075797561756295,0.686075797561756295,-0.686075797561756295,0.686075797561756295,0.000173409820471358
6,full_diag_l0,1567,0.686075797561756295,0.686075797561756295,-0.686075797561756295,-0.686075797561756295,-0.686075797561756295,-0.686075797561756295,0.686075797561756295,0.686075797561756295,0.686075797561756295,0.686075797561756295,-0.686075797561756295,0.000173409820471358
6,full_diag_l0,1568,0.686075797561756295,0.686075797561756295,-0.686075797561756295,-0.686075797561756295,-0.686075797561756295,-0.686075797561756295,0.686075797561756295,0.686075797561756295,0.686075797561756295,0.686075797561756295,0.686075797561756295,0.000173409820471358
6,full_diag_l0,1569,0.686075797561756295,0.686075797561756295,-0.686075797561756295,-0.686075797561756295,-0.686075797561756295,0.686075797561756295,-0.686075797561756295,-0.686075797561756295,-0.686075797561756295,-0.686075797561756295,-0.686075797561756295,0.000173409820471358
6,full_diag_l0,1570,0.686075797561756295,0.686075797561756295,-0.686075797561756295,-0.686075797561756295,-0.686075797561756295,0.686075797561756295,-0.686075797561756295,-0.686075797561756295,-0.686075797561756295,-0.686075797561756295,0.686075797561756295,0.000173409820471358
6,full_diag_l0,1571,0.686075797561756295,0.686075797561756295,-0.686075797561756295,-0.686075797561756295,-0.686075797561756295,0.686075797561756295,-0.686075797561756295,-0.686075797561756295,-0.686075797561756295,0.686075797561756295,-0.686075797561756295,0.000173409820471358
6,full_diag_l0,1572,0.686075797561756295,0.686075797561756295,-0.686075797561756295,-0.686075797561756295,-0.686075797561756295,0.686075797561756295,-0.686075797561756295,-0.686075797561756295,-0.686075797561756295,0.686075797561756295,0.686075797561756295,0.000173409820471358
6,full_diag_l0,1573,0.686075797561756295,0.686075797561756295,-0.686075797561756295,-0.686075797561756295,-0.686075797561756295,0.686075797561756295,-0.686075797561756295,-0.686075797561756295,0.686075797561756295,-0.686075797561756295,-0.686075797561756295,0.000173409820471358
6,full_diag_l0,1574,0.686075797561756295,0.686075797561756295,-0.686075797561756295,-0.686075797561756295,-0.686075797561756295,0.686075797561756295,-0.686075797561756295,-0.686075797561756295,0.686075797561756295,-0.686075797561756295,0.686075797561756295,0.000173409820471358
6,full_diag_l0,1575,0.686075797561756295,0.686075797561756295,-0.686075797561756295,-0.686075797561756295,-0.686075797561756295,0.686075797561756295,-0.686075797561756295,-0.686075797561756295,0.686075797561756295,0.686075797561756295,-0.686075797561756295,0.000173409820471358
6,full_diag_l0,1576,0.686075797561756295,0.686075797561756295,-0.686075797561756295,-0.686075797561756295,-0.686075797561756295,0.686075797561756295,-0.686075797561756295,-0.686075797561756295,0.686075797561756295,0.686075797561756295,0.686075797561756295,0.000173409820471358
6,full_diag_l0,1577,0.686075797561756295,0.686075797561756295,-0.686075797561756295,-0.686075797561756295,-0.686075797561756295,0.686075797561756295,-0.686075797561756295,0.686075797561756295,-0.686075797561756295,-0.686075797561756295,-0.686075797561756295,0.000173409820471358
6,full_diag_l0,1578,0.686075797561756295,0.686075797561756295,-0.686075797561756295,-0.686075797561756295,-0.686075797561756295,0.686075797561756295,-0.686075797561756295,0.686075797561756295,-0.686075797561756295,-0.686075797561756295,0.686075797561756295,0.000173409820471358
6,full_diag_l0,1579,0.686075797561756295,0.686075797561756295,-0.686075797561756295,-0.686075797561756295,-0.686075797561756295,0.686075797561756295,-0.686075797561756295,0.686075797561756295,-0.686075797561756295,0.686075797561756295,-0.686075797561756295,0.000173409820471358
6,full_diag_l0,1580,0.686075797561756295,0.686075797561756295,-0.686075797561756295,-0.686075797561756295,-0.686075797561756295,0.686075797561756295,-0.686075797561756295,0.686075797561756295,-0.686075797561756295,0.686075797561756295,0.686075797561756295,0.000173409820471358
6,full_diag_l0,1581,0.686075797561756295,0.686075797561756295,-0.686075797561756295,-0.686075797561756295,-0.686075797561756295,0.686075797561756295,-0.686075797561756295,0.686075797561756295,0.686075797561756295,-0.686075797561756295,-0.686075797561756295,0.000173409820471358
6,full_diag_l0,1582,0.686075797561756295,0.686075797561756295,-0.686075797561756295,-0.686075797561756295,-0.686075797561756295,0.686075797561756295,-0.686075797561756295,0.686075797561756295,0.686075797561756295,-0.686075797561756295,0.686075797561756295,0.000173409820471358
6,full_diag_l0,1583,0.686075797561756295,0.686075797561756295,-0.686075797561756295,-0.686075797561756295,-0.686075797561756295,0.686075797561756295,-0.686075797561756295,0.686075797561756295,0.686075797561756295,0.686075797561756295,-0.686075797561756295,0.000173409820471358
6,full_diag_l0,1584,0.686075797561756295,0.686075797561756295,-0.686075797561756295,-0.686075797561756295,-0.686075797561756295,0.686075797561756295,-0.686075797561756295,0.686075797561756295,0.686075797561756295,0.686075797561756295,0.686075797561756295,0.000173409820471358
6,full_diag_l0,1585,0.686075797561756295,0.686075797561756295,-0.686075797561756295,-0.686075797561756295,-0.686075797561756295,0.686075797561756295,0.686075797561756295,-0.686075797561756295,-0.686075797561756295,-0.686075797561756295,-0.686075797561756295,0.000173409820471358
6,full_diag_l0,1586,0.686075797561756295,0.686075797561756295,-0.686075797561756295,-0.686075797561756295,-0.686075797561756295,0.686075797561756295,0.686075797561756295,-0.686075797561756295,-0.686075797561756295,-0.686075797561756295,0.686075797561756295,0.000173409820471358
6,full_diag_l0,1587,0.686075797561756295,0.686075797561756295,-0.686075797561756295,-0.686075797561756295,-0.686075797561756295,0.686075797561756295,0.686075797561756295,-0.686075797561756295,-0.686075797561756295,0.686075797561756295,-0.686075797561756295,0.000173409820471358
6,full_diag_l0,1588,0.686075797561756295,0.686075797561756295,-0.686075797561756295,-0.686075797561756295,-0.686075797561756295,0.686075797561756295,0.686075797561756295,-0.686075797561756295,-0.686075797561756295,0.686075797561756295,0.686075797561756295,0.000173409820471358
6,full_diag_l0,1589,0.686075797561756295,0.686075797561756295,-0.686075797561756295,-0.686075797561756295,-0.686075797561756295,0.686075797561756295,0.686075797561756295,-0.686075797561756295,0.686075797561756295,-0.686075797561756295,-0.686075797561756295,0.000173409820471358
6,full_diag_l0,1590,0.686075797561756295,0.686075797561756295,-0.686075797561756295,-0.686075797561756295,-0.686075797561756295,0.686075797561756295,0.686075797561756295,-0.686075797561756295,0.686075797561756295,-0.686075797561756295,0.686075797561756295,0.000173409820471358
6,full_diag_l0,1591,0.686075797561756295,0.686075797561756295,-0.686075797561756295,-0.686075797561756295,-0.686075797561756295,0.686075797561756295,0.686075797561756295,-0.686075797561756295,0.686075797561756295,0.686075797561756295,-0.686075797561756295,0.000173409820471358
6,full_diag_l0,1592,0.686075797561756295,0.686075797561756295,-0.686075797561756295,-0.686075797561756295,-0.686075797561756295,0.686075797561756295,0.686075797561756295,-0.686075797561756295,0.686075797561756295,0.686075797561756295,0.686075797561756295,0.000173409820471358
6,full_diag_l0,1593,0.686075797561756295,0.686075797561756295,-0.686075797561756295,-0.686075797561756295,-0.686075797561756295,0.686075797561756295,0.686075797561756295,0.686075797561756295,-0.686075797561756295,-0.686075797561756295,-0.686075797561756295,0.000173409820471358
6,full_diag_l0,1594,0.686075797561756295,0.686075797561756295,-0.686075797561756295,-0.686075797561756295,-0.686075797561756295,0.686075797561756295,0.686075797561756295,0.686075797561756295,-0.686075797561756295,-0.686075797561756295,0.686075797561756295,0.000173409820471358
6,full_diag_l0,1595,0.686075797561756295,0.686075797561756295,-0.686075797561756295,-0.686075797561756295,-0.686075797561756295,0.686075797561756295,0.686075797561756295,0.686075797561756295,-0.686075797561756295,0.686075797561756295,-0.686075797561756295,0.000173409820471358
6,full_diag_l0,1596,0.686075797561756295,0.686075797561756295,-0.686075797561756295,-0.686075797561756295,-0.686075797561756295,0.686075797561756295,0.686075797561756295,0.686075797561756295,-0.686075797561756295,0.686075797561756295,0.686075797561756295,0.000173409820471358
6,full_diag_l0,1597,0.686075797561756295,0.686075797561756295,-0.686075797561756295,-0.686075797561756295,-0.686075797561756295,0.686075797561756295,0.686075797561756295,0.686075797561756295,0.686075797561756295,-0.686075797561756295,-0.686075797561756295,0.000173409820471358
6,full_diag_l0,1598,0.686075797561756295,0.686075797561756295,-0.686075797561756295,-0.686075797561756295,-0.686075797561756295,0.686075797561756295,0.686075797561756295,0.686075797561756295,0.686075797561756295,-0.686075797561756295,0.686075797561756295,0.000173409820471358
6,full_diag_l0,1599,0.686075797561756295,0.686075797561756295,-0.686075797561756295,-0.686075797561756295,-0.686075797561756295,0.686075797561756295,0.686075797561756295,0.686075797561756295,0.686075797561756295,0.686075797561756295,-0.686075797561756295,0.000173409820471358
6,full_diag_l0,1600,0.686075797561756295,0.686075797561756295,-0.686075797561756295,-0.686075797561756295,-0.686075797561756295,0.686075797561756295,0.686075797561756295,0.686075797561756295,0.686075797561756295,0.686075797561756295,0.686075797561756295,0.000173409820471358
6,full_diag_l0,1601,0.686075797561756295,0.686075797561756295,-0.686075797561756295,-0.686075797561756295,0.686075797561756295,-0.686075797561756295,-0.686075797561756295,-0.686075797561756295,-0.686075797561756295,-0.686075797561756295,-0.686075797561756295,0.000173409820471358
6,full_diag_l0,1602,0.686075797561756295,0.686075797561756295,-0.686075797561756295,-0.686075797561756295,0.686075797561756295,-0.686075797561756295,-0.686075797561756295,-0.686075797561756295,-0.686075797561756295,-0.686075797561756295,0.686075797561756295,0.000173409820471358
6,full_diag_l0,1603,0.686075797561756295,0.686075797561756295,-0.686075797561756295,-0.686075797561756295,0.686075797561756295,-0.686075797561756295,-0.686075797561756295,-0.686075797561756295,-0.686075797561756295,0.686075797561756295,-0.686075797561756295,0.000173409820471358
6,full_diag_l0,1604,0.686075797561756295,0.686075797561756295,-0.686075797561756295,-0.686075797561756295,0.686075797561756295,-0.686075797561756295,-0.686075797561756295,-0.686075797561756295,-0.686075797561756295,0.686075797561756295,0.686075797561756295,0.000173409820471358
6,full_diag_l0,1605,0.686075797561756295,0.686075797561756295,-0.686075797561756295,-0.686075797561756295,0.686075797561756295,-0.686075797561756295,-0.686075797561756295,-0.686075797561756295,0.686075797561756295,-0.686075797561756295,-0.686075797561756295,0.000173409820471358
6,full_diag_l0,1606,0.686075797561756295,0.686075797561756295,-0.686075797561756295,-0.686075797561756295,0.686075797561756295,-0.686075797561756295,-0.686075797561756295,-0.686075797561756295,0.686075797561756295,-0.686075797561756295,0.686075797561756295,0.000173409820471358
6,full_diag_l0,1607,0.686075797561756295,0.686075797561756295,-0.686075797561756295,-0.686075797561756295,0.686075797561756295,-0.686075797561756295,-0.686075797561756295,-0.686075797561756295,0.686075797561756295,0.686075797561756295,-0.686075797561756295,0.000173409820471358
6,full_diag_l0,1608,0.686075797561756295,0.686075797561756295,-0.686075797561756295,-0.686075797561756295,0.686075797561756295,-0.686075797561756295,-0.686075797561756295,-0.686075797561756295,0.686075797561756295,0.686075797561756295,0.686075797561756295,0.000173409820471358
6,full_diag_l0,1609,0.686075797561756295,0.686075797561756295,-0.686075797561756295,-0.686075797561756295,0.686075797561756295,-0.686075797561756295,-0.686075797561756295,0.686075797561756295,-0.686075797561756295,-0.686075797561756295,-0.686075797561756295,0.000173409820471358
6,full_diag_l0,1610,0.686075797561756295,0.686075797561756295,-0.686075797561756295,-0.686075797561756295,0.686075797561756295,-0.686075797561756295,-0.686075797561756295,0.686075797561756295,-0.686075797561756295,-0.686075797561756295,0.686075797561756295,0.000173409820471358
6,full_diag_l0,1611,0.686075797561756295,0.686075797561756295,-0.686075797561756295,-0.686075797561756295,0.686075797561756295,-0.686075797561756295,-0.686075797561756295,0.686075797561756295,-0.686075797561756295,0.686075797561756295,-0.686075797561756295,0.000173409820471358
6,full_diag_l0,1612,0.686075797561756295,0.686075797561756295,-0.686075797561756295,-0.686075797561756295,0.686075797561756295,-0.686075797561756295,-0.686075797561756295,0.686075797561756295,-0.686075797561756295,0.686075797561756295,0.686075797561756295,0.000173409820471358
6,full_diag_l0,1613,0.686075797561756295,0.686075797561756295,-0.686075797561756295,-0.686075797561756295,0.686075797561756295,-0.686075797561756295,-0.686075797561756295,0.686075797561756295,0.686075797561756295,-0.686075797561756295,-0.686075797561756295,0.000173409820471358
6,full_diag_l0,1614,0.686075797561756295,0.686075797561756295,-0.686075797561756295,-0.686075797561756295,0.686075797561756295,-0.686075797561756295,-0.686075797561756295,0.686075797561756295,0.686075797561756295,-0.686075797561756295,0.686075797561756295,0.000173409820471358
6,full_diag_l0,1615,0.686075797561756295,0.686075797561756295,-0.686075797561756295,-0.686075797561756295,0.686075797561756295,-0.686075797561756295,-0.686075797561756295,0.686075797561756295,0.686075797561756295,0.686075797561756295,-0.686075797561756295,0.000173409820471358
6,full_diag_l0,1616,0.686075797561756295,0.686075797561756295,-0.686075797561756295,-0.686075797561756295,0.686075797561756295,-0.686075797561756295,-0.686075797561756295,0.686075797561756295,0.686075797561756295,0.686075797561756295,0.686075797561756295,0.000173409820471358
6,full_diag_l0,1617,0.686075797561756295,0.686075797561756295,-0.686075797561756295,-0.686075797561756295,0.686075797561756295,-0.686075797561756295,0.686075797561756295,-0.686075797561756295,-0.686075797561756295,-0.686075797561756295,-0.686075797561756295,0.000173409820471358
6,full_diag_l0,1618,0.686075797561756295,0.686075797561756295,-0.686075797561756295,-0.686075797561756295,0.686075797561756295,-0.686075797561756295,0.686075797561756295,-0.686075797561756295,-0.686075797561756295,-0.686075797561756295,0.686075797561756295,0.000173409820471358
6,full_diag_l0,1619,0.686075797561756295,0.686075797561756295,-0.686075797561756295,-0.686075797561756295,0.686075797561756295,-0.686075797561756295,0.686075797561756295,-0.686075797561756295,-0.686075797561756295,0.686075797561756295,-0.686075797561756295,0.000173409820471358
6,full_diag_l0,1620,0.686075797561756295,0.686075797561756295,-0.686075797561756295,-0.686075797561756295,0.686075797561756295,-0.686075797561756295,0.686075797561756295,-0.686075797561756295,-0.686075797561756295,0.686075797561756295,0.686075797561756295,0.000173409820471358
6,full_diag_l0,1621,0.686075797561756295,0.686075797561756295,-0.686075797561756295,-0.686075797561756295,0.686075797561756295,-0.686075797561756295,0.686075797561756295,-0.686075797561756295,0.686075797561756295,-0.686075797561756295,-0.686075797561756295,0.000173409820471358
6,full_diag_l0,1622,0.686075797561756295,0.686075797561756295,-0.686075797561756295,-0.686075797561756295,0.686075797561756295,-0.686075797561756295,0.686075797561756295,-0.686075797561756295,0.686075797561756295,-0.686075797561756295,0.686075797561756295,0.000173409820471358
6,full_diag_l0,1623,0.686075797561756295,0.686075797561756295,-0.686075797561756295,-0.686075797561756295,0.686075797561756295,-0.686075797561756295,0.686075797561756295,-0.686075797561756295,0.686075797561756295,0.686075797561756295,-0.686075797561756295,0.000173409820471358
6,full_diag_l0,1624,0.686075797561756295,0.686075797561756295,-0.686075797561756295,-0.686075797561756295,0.686075797561756295,-0.686075797561756295,0.686075797561756295,-0.686075797561756295,0.686075797561756295,0.686075797561756295,0.686075797561756295,0.000173409820471358
6,full_diag_l0,1625,0.686075797561756295,0.686075797561756295,-0.686075797561756295,-0.686075797561756295,0.686075797561756295,-0.686075797561756295,0.686075797561756295,0.686075797561756295,-0.686075797561756295,-0.686075797561756295,-0.686075797561756295,0.000173409820471358
6,full_diag_l0,1626,0.686075797561756295,0.686075797561756295,-0.686075797561756295,-0.686075797561756295,0.686075797561756295,-0.686075797561756295,0.686075797561756295,0.686075797561756295,-0.686075797561756295,-0.686075797561756295,0.686075797561756295,0.000173409820471358
6,full_diag_l0,1627,0.686075797561756295,0.686075797561756295,-0.686075797561756295,-0.686075797561756295,0.686075797561756295,-0.686075797561756295,0.686075797561756295,0.686075797561756295,-0.686075797561756295,0.686075797561756295,-0.686075797561756295,0.000173409820471358
6,full_diag_l0,1628,0.686075797561756295,0.686075797561756295,-0.686075797561756295,-0.686075797561756295,0.686075797561756295,-0.686075797561756295,0.686075797561756295,0.686075797561756295,-0.686075797561756295,0.686075797561756295,0.686075797561756295,0.000173409820471358
6,full_diag_l0,1629,0.686075797561756295,0.686075797561756295,-0.686075797561756295,-0.686075797561756295,0.686075797561756295,-0.686075797561756295,0.686075797561756295,0.686075797561756295,0.686075797561756295,-0.686075797561756295,-0.686075797561756295,0.000173409820471358
6,full_diag_l0,1630,0.686075797561756295,0.686075797561756295,-0.686075797561756295,-0.686075797561756295,0.686075797561756295,-0.686075797561756295,0.686075797561756295,0.686075797561756295,0.686075797561756295,-0.686075797561756295,0.686075797561756295,0.000173409820471358
6,full_diag_l0,1631,0.686075797561756295,0.686075797561756295,-0.686075797561756295,-0.686075797561756295,0.686075797561756295,-0.686075797561756295,0.686075797561756295,0.686075797561756295,0.686075797561756295,0.686075797561756295,-0.686075797561756295,0.000173409820471358
6,full_diag_l0,1632,0.686075797561756295,0.686075797561756295,-0.686075797561756295,-0.686075797561756295,0.686075797561756295,-0.686075797561756295,0.686075797561756295,0.686075797561756295,0.686075797561756295,0.686075797561756295,0.686075797561756295,0.000173409820471358
6,full_diag_l0,1633,0.686075797561756295,0.686075797561756295,-0.686075797561756295,-0.686075797561756295,0.686075797561756295,0.686075797561756295,-0.686075797561756295,-0.686075797561756295,-0.686075797561756295,-0.686075797561756295,-0.686075797561756295,0.000173409820471358
6,full_diag_l0,1634,0.686075797561756295,0.686075797561756295,-0.686075797561756295,-0.686075797561756295,0.686075797561756295,0.686075797561756295,-0.686075797561756295,-0.686075797561756295,-0.686075797561756295,-0.686075797561756295,0.686075797561756295,0.000173409820471358
6,full_diag_l0,1635,0.686075797561756295,0.686075797561756295,-0.686075797561756295,-0.686075797561756295,0.686075797561756295,0.686075797561756295,-0.686075797561756295,-0.686075797561756295,-0.686075797561756295,0.686075797561756295,-0.686075797561756295,0.000173409820471358
6,full_diag_l0,1636,0.686075797561756295,0.686075797561756295,-0.686075797561756295,-0.686075797561756295,0.686075797561756295,0.686075797561756295,-0.686075797561756295,-0.686075797561756295,-0.686075797561756295,0.686075797561756295,0.686075797561756295,0.000173409820471358
6,full_diag_l0,1637,0.686075797561756295,0.686075797561756295,-0.686075797561756295,-0.686075797561756295,0.686075797561756295,0.686075797561756295,-0.686075797561756295,-0.686075797561756295,0.686075797561756295,-0.686075797561756295,-0.686075797561756295,0.000173409820471358
6,full_diag_l0,1638,0.686075797561756295,0.686075797561756295,-0.686075797561756295,-0.686075797561756295,0.686075797561756295,0.686075797561756295,-0.686075797561756295,-0.686075797561756295,0.686075797561756295,-0.686075797561756295,0.686075797561756295,0.000173409820471358
6,full_diag_l0,1639,0.686075797561756295,0.686075797561756295,-0.686075797561756295,-0.686075797561756295,0.686075797561756295,0.686075797561756295,-0.686075797561756295,-0.686075797561756295,0.686075797561756295,0.686075797561756295,-0.686075797561756295,0.000173409820471358
6,full_diag_l0,1640,0.686075797561756295,0.686075797561756295,-0.686075797561756295,-0.686075797561756295,0.686075797561756295,0.686075797561756295,-0.686075797561756295,-0.686075797561756295,0.686075797561756295,0.686075797561756295,0.686075797561756295,0.000173409820471358
6,full_diag_l0,1641,0.686075797561756295,0.686075797561756295,-0.686075797561756295,-0.686075797561756295,0.686075797561756295,0.686075797561756295,-0.686075797561756295,0.686075797561756295,-0.686075797561756295,-0.686075797561756295,-0.686075797561756295,0.000173409820471358
6,full_diag_l0,1642,0.686075797561756295,0.686075797561756295,-0.686075797561756295,-0.686075797561756295,0.686075797561756295,0.686075797561756295,-0.686075797561756295,0.686075797561756295,-0.686075797561756295,-0.686075797561756295,0.686075797561756295,0.000173409820471358
6,full_diag_l0,1643,0.686075797561756295,0.686075797561756295,-0.686075797561756295,-0.686075797561756295,0.686075797561756295,0.686075797561756295,-0.686075797561756295,0.686075797561756295,-0.686075797561756295,0.686075797561756295,-0.686075797561756295,0.000173409820471358
6,full_diag_l0,1644,0.686075797561756295,0.686075797561756295,-0.686075797561756295,-0.686075797561756295,0.686075797561756295,0.686075797561756295,-0.686075797561756295,0.686075797561756295,-0.686075797561756295,0.686075797561756295,0.686075797561756295,0.000173409820471358
6,full_diag_l0,1645,0.686075797561756295,0.686075797561756295,-0.686075797561756295,-0.686075797561756295,0.686075797561756295,0.686075797561756295,-0.686075797561756295,0.686075797561756295,0.686075797561756295,-0.686075797561756295,-0.686075797561756295,0.000173409820471358
6,full_diag_l0,1646,0.686075797561756295,0.686075797561756295,-0.686075797561756295,-0.686075797561756295,0.686075797561756295,0.686075797561756295,-0.686075797561756295,0.686075797561756295,0.686075797561756295,-0.686075797561756295,0.686075797561756295,0.000173409820471358
6,full_diag_l0,1647,0.686075797561756295,0.686075797561756295,-0.686075797561756295,-0.686075797561756295,0.686075797561756295,0.686075797561756295,-0.686075797561756295,0.686075797561756295,0.686075797561756295,0.686075797561756295,-0.686075797561756295,0.000173409820471358
6,full_diag_l0,1648,0.686075797561756295,0.686075797561756295,-0.686075797561756295,-0.686075797561756295,0.686075797561756295,0.686075797561756295,-0.686075797561756295,0.686075797561756295,0.686075797561756295,0.686075797561756295,0.686075797561756295,0.000173409820471358
6,full_diag_l0,1649,0.686075797561756295,0.686075797561756295,-0.686075797561756295,-0.686075797561756295,0.686075797561756295,0.686075797561756295,0.686075797561756295,-0.686075797561756295,-0.686075797561756295,-0.686075797561756295,-0.686075797561756295,0.000173409820471358
6,full_diag_l0,1650,0.686075797561756295,0.686075797561756295,-0.686075797561756295,-0.686075797561756295,0.686075797561756295,0.686075797561756295,0.686075797561756295,-0.686075797561756295,-0.686075797561756295,-0.686075797561756295,0.686075797561756295,0.000173409820471358
6,full_diag_l0,1651,0.686075797561756295,0.686075797561756295,-0.686075797561756295,-0.686075797561756295,0.686075797561756295,0.686075797561756295,0.686075797561756295,-0.686075797561756295,-0.686075797561756295,0.686075797561756295,-0.686075797561756295,0.000173409820471358
6,full_diag_l0,1652,0.686075797561756295,0.686075797561756295,-0.686075797561756295,-0.686075797561756295,0.686075797561756295,0.686075797561756295,0.686075797561756295,-0.686075797561756295,-0.686075797561756295,0.686075797561756295,0.686075797561756295,0.000173409820471358
6,full_diag_l0,1653,0.686075797561756295,0.686075797561756295,-0.686075797561756295,-0.686075797561756295,0.686075797561756295,0.686075797561756295,0.686075797561756295,-0.686075797561756295,0.686075797561756295,-0.686075797561756295,-0.686075797561756295,0.000173409820471358
6,full_diag_l0,1654,0.686075797561756295,0.686075797561756295,-0.686075797561756295,-0.686075797561756295,0.686075797561756295,0.686075797561756295,0.686075797561756295,-0.686075797561756295,0.686075797561756295,-0.686075797561756295,0.686075797561756295,0.000173409820471358
6,full_diag_l0,1655,0.686075797561756295,0.686075797561756295,-0.686075797561756295,-0.686075797561756295,0.686075797561756295,0.686075797561756295,0.686075797561756295,-0.686075797561756295,0.686075797561756295,0.686075797561756295,-0.686075797561756295,0.000173409820471358
6,full_diag_l0,1656,0.686075797561756295,0.686075797561756295,-0.686075797561756295,-0.686075797561756295,0.686075797561756295,0.686075797561756295,0.686075797561756295,-0.686075797561756295,0.686075797561756295,0.686075797561756295,0.686075797561756295,0.000173409820471358
6,full_diag_l0,1657,0.686075797561756295,0.686075797561756295,-0.686075797561756295,-0.686075797561756295,0.686075797561756295,0.686075797561756295,0.686075797561756295,0.686075797561756295,-0.686075797561756295,-0.686075797561756295,-0.686075797561756295,0.000173409820471358
6,full_diag_l0,1658,0.686075797561756295,0.686075797561756295,-0.686075797561756295,-0.686075797561756295,0.686075797561756295,0.686075797561756295,0.686075797561756295,0.686075797561756295,-0.686075797561756295,-0.686075797561756295,0.686075797561756295,0.000173409820471358
6,full_diag_l0,1659,0.686075797561756295,0.686075797561756295,-0.686075797561756295,-0.686075797561756295,0.686075797561756295,0.686075797561756295,0.686075797561756295,0.686075797561756295,-0.686075797561756295,0.686075797561756295,-0.686075797561756295,0.000173409820471358
6,full_diag_l0,1660,0.686075797561756295,0.686075797561756295,-0.686075797561756295,-0.686075797561756295,0.686075797561756295,0.686075797561756295,0.686075797561756295,0.686075797561756295,-0.686075797561756295,0.686075797561756295,0.686075797561756295,0.000173409820471358
6,full_diag_l0,1661,0.686075797561756295,0.686075797561756295,-0.686075797561756295,-0.686075797561756295,0.686075797561756295,0.686075797561756295,0.686075797561756295,0.686075797561756295,0.686075797561756295,-0.686075797561756295,-0.686075797561756295,0.000173409820471358
6,full_diag_l0,1662,0.686075797561756295,0.686075797561756295,-0.686075797561756295,-0.686075797561756295,0.686075797561756295,0.686075797561756295,0.686075797561756295,0.686075797561756295,0.686075797561756295,-0.686075797561756295,0.686075797561756295,0.000173409820471358
6,full_diag_l0,1663,0.686075797561756295,0.686075797561756295,-0.686075797561756295,-0.686075797561756295,0.686075797561756295,0.686075797561756295,0.686075797561756295,0.686075797561756295,0.686075797561756295,0.686075797561756295,-0.686075797561756295,0.000173409820471358
6,full_diag_l0,1664,0.686075797561756295,0.686075797561756295,-0.686075797561756295,-0.686075797561756295,0.686075797561756295,0.686075797561756295,0.686075797561756295,0.686075797561756295,0.686075797561756295,0.686075797561756295,0.686075797561756295,0.000173409820471358
6,full_diag_l0,1665,0.686075797561756295,0.686075797561756295,-0.686075797561756295,0.686075797561756295,-0.686075797561756295,-0.686075797561756295,-0.686075797561756295,-0.686075797561756295,-0.686075797561756295,-0.686075797561756295,-0.686075797561756295,0.000173409820471358
6,full_diag_l0,1666,0.686075797561756295,0.686075797561756295,-0.686075797561756295,0.686075797561756295,-0.686075797561756295,-0.686075797561756295,-0.686075797561756295,-0.686075797561756295,-0.686075797561756295,-0.686075797561756295,0.686075797561756295,0.000173409820471358
6,full_diag_l0,1667,0.686075797561756295,0.686075797561756295,-0.686075797561756295,0.686075797561756295,-0.686075797561756295,-0.686075797561756295,-0.686075797561756295,-0.686075797561756295,-0.686075797561756295,0.686075797561756295,-0.686075797561756295,0.000173409820471358
6,full_diag_l0,1668,0.686075797561756295,0.686075797561756295,-0.686075797561756295,0.686075797561756295,-0.686075797561756295,-0.686075797561756295,-0.686075797561756295,-0.686075797561756295,-0.686075797561756295,0.686075797561756295,0.686075797561756295,0.000173409820471358
6,full_diag_l0,1669,0.686075797561756295,0.686075797561756295,-0.686075797561756295,0.686075797561756295,-0.686075797561756295,-0.686075797561756295,-0.686075797561756295,-0.686075797561756295,0.686075797561756295,-0.686075797561756295,-0.686075797561756295,0.000173409820471358
6,full_diag_l0,1670,0.686075797561756295,0.686075797561756295,-0.686075797561756295,0.686075797561756295,-0.686075797561756295,-0.686075797561756295,-0.686075797561756295,-0.686075797561756295,0.686075797561756295,-0.686075797561756295,0.686075797561756295,0.000173409820471358
6,full_diag_l0,1671,0.686075797561756295,0.686075797561756295,-0.686075797561756295,0.686075797561756295,-0.686075797561756295,-0.686075797561756295,-0.686075797561756295,-0.686075797561756295,0.686075797561756295,0.686075797561756295,-0.686075797561756295,0.000173409820471358
6,full_diag_l0,1672,0.686075797561756295,0.686075797561756295,-0.686075797561756295,0.686075797561756295,-0.686075797561756295,-0.686075797561756295,-0.686075797561756295,-0.686075797561756295,0.686075797561756295,0.686075797561756295,0.686075797561756295,0.000173409820471358
6,full_diag_l0,1673,0.686075797561756295,0.686075797561756295,-0.686075797561756295,0.686075797561756295,-0.686075797561756295,-0.686075797561756295,-0.686075797561756295,0.686075797561756295,-0.686075797561756295,-0.686075797561756295,-0.686075797561756295,0.000173409820471358
6,full_diag_l0,1674,0.686075797561756295,0.686075797561756295,-0.686075797561756295,0.686075797561756295,-0.686075797561756295,-0.686075797561756295,-0.686075797561756295,0.686075797561756295,-0.686075797561756295,-0.686075797561756295,0.686075797561756295,0.000173409820471358
6,full_diag_l0,1675,0.686075797561756295,0.686075797561756295,-0.686075797561756295,0.686075797561756295,-0.686075797561756295,-0.686075797561756295,-0.686075797561756295,0.686075797561756295,-0.686075797561756295,0.686075797561756295,-0.686075797561756295,0.000173409820471358
6,full_diag_l0,1676,0.686075797561756295,0.686075797561756295,-0.686075797561756295,0.686075797561756295,-0.686075797561756295,-0.686075797561756295,-0.686075797561756295,0.686075797561756295,-0.686075797561756295,0.686075797561756295,0.686075797561756295,0.000173409820471358
6,full_diag_l0,1677,0.686075797561756295,0.686075797561756295,-0.686075797561756295,0.686075797561756295,-0.686075797561756295,-0.686075797561756295,-0.686075797561756295,0.686075797561756295,0.686075797561756295,-0.686075797561756295,-0.686075797561756295,0.000173409820471358
6,full_diag_l0,1678,0.686075797561756295,0.686075797561756295,-0.686075797561756295,0.686075797561756295,-0.686075797561756295,-0.686075797561756295,-0.686075797561756295,0.686075797561756295,0.686075797561756295,-0.686075797561756295,0.686075797561756295,0.000173409820471358
6,full_diag_l0,1679,0.686075797561756295,0.686075797561756295,-0.686075797561756295,0.686075797561756295,-0.686075797561756295,-0.686075797561756295,-0.686075797561756295,0.686075797561756295,0.686075797561756295,0.686075797561756295,-0.686075797561756295,0.000173409820471358
6,full_diag_l0,1680,0.686075797561756295,0.686075797561756295,-0.686075797561756295,0.686075797561756295,-0.686075797561756295,-0.686075797561756295,-0.686075797561756295,0.686075797561756295,0.686075797561756295,0.686075797561756295,0.686075797561756295,0.000173409820471358
6,full_diag_l0,1681,0.686075797561756295,0.686075797561756295,-0.686075797561756295,0.686075797561756295,-0.686075797561756295,-0.686075797561756295,0.686075797561756295,-0.686075797561756295,-0.686075797561756295,-0.686075797561756295,-0.686075797561756295,0.000173409820471358
6,full_diag_l0,1682,0.686075797561756295,0.686075797561756295,-0.686075797561756295,0.686075797561756295,-0.686075797561756295,-0.686075797561756295,0.686075797561756295,-0.686075797561756295,-0.686075797561756295,-0.686075797561756295,0.686075797561756295,0.000173409820471358
6,full_diag_l0,1683,0.686075797561756295,0.686075797561756295,-0.686075797561756295,0.686075797561756295,-0.686075797561756295,-0.686075797561756295,0.686075797561756295,-0.686075797561756295,-0.686075797561756295,0.686075797561756295,-0.686075797561756295,0.000173409820471358
6,full_diag_l0,1684,0.686075797561756295,0.686075797561756295,-0.686075797561756295,0.686075797561756295,-0.686075797561756295,-0.686075797561756295,0.686075797561756295,-0.686075797561756295,-0.686075797561756295,0.686075797561756295,0.686075797561756295,0.000173409820471358
6,full_diag_l0,1685,0.686075797561756295,0.686075797561756295,-0.686075797561756295,0.686075797561756295,-0.686075797561756295,-0.686075797561756295,0.686075797561756295,-0.686075797561756295,0.686075797561756295,-0.686075797561756295,-0.686075797561756295,0.000173409820471358
6,full_diag_l0,1686,0.686075797561756295,0.686075797561756295,-0.686075797561756295,0.686075797561756295,-0.686075797561756295,-0.686075797561756295,0.686075797561756295,-0.686075797561756295,0.686075797561756295,-0.686075797561756295,0.686075797561756295,0.000173409820471358
6,full_diag_l0,1687,0.686075797561756295,0.686075797561756295,-0.686075797561756295,0.686075797561756295,-0.686075797561756295,-0.686075797561756295,0.686075797561756295,-0.686075797561756295,0.686075797561756295,0.686075797561756295,-0.686075797561756295,0.000173409820471358
6,full_diag_l0,1688,0.686075797561756295,0.686075797561756295,-0.686075797561756295,0.686075797561756295,-0.686075797561756295,-0.686075797561756295,0.686075797561756295,-0.686075797561756295,0.686075797561756295,0.686075797561756295,0.686075797561756295,0.000173409820471358
6,full_diag_l0,1689,0.686075797561756295,0.686075797561756295,-0.686075797561756295,0.686075797561756295,-0.686075797561756295,-0.686075797561756295,0.686075797561756295,0.686075797561756295,-0.686075797561756295,-0.686075797561756295,-0.686075797561756295,0.000173409820471358
6,full_diag_l0,1690,0.686075797561756295,0.686075797561756295,-0.686075797561756295,0.686075797561756295,-0.686075797561756295,-0.686075797561756295,0.686075797561756295,0.686075797561756295,-0.686075797561756295,-0.686075797561756295,0.686075797561756295,0.000173409820471358
6,full_diag_l0,1691,0.686075797561756295,0.686075797561756295,-0.686075797561756295,0.686075797561756295,-0.686075797561756295,-0.686075797561756295,0.686075797561756295,0.686075797561756295,-0.686075797561756295,0.686075797561756295,-0.686075797561756295,0.000173409820471358
6,full_diag_l0,1692,0.686075797561756295,0.686075797561756295,-0.686075797561756295,0.686075797561756295,-0.686075797561756295,-0.686075797561756295,0.686075797561756295,0.686075797561756295,-0.686075797561756295,0.686075797561756295,0.686075797561756295,0.000173409820471358
6,full_diag_l0,1693,0.686075797561756295,0.686075797561756295,-0.686075797561756295,0.686075797561756295,-0.686075797561756295,-0.686075797561756295,0.686075797561756295,0.686075797561756295,0.686075797561756295,-0.686075797561756295,-0.686075797561756295,0.000173409820471358
6,full_diag_l0,1694,0.686075797561756295,0.686075797561756295,-0.686075797561756295,0.686075797561756295,-0.686075797561756295,-0.686075797561756295,0.686075797561756295,0.686075797561756295,0.686075797561756295,-0.686075797561756295,0.686075797561756295,0.000173409820471358
6,full_diag_l0,1695,0.686075797561756295,0.686075797561756295,-0.686075797561756295,0.686075797561756295,-0.686075797561756295,-0.686075797561756295,0.686075797561756295,0.686075797561756295,0.686075797561756295,0.686075797561756295,-0.686075797561756295,0.000173409820471358
6,full_diag_l0,1696,0.686075797561756295,0.686075797561756295,-0.686075797561756295,0.686075797561756295,-0.686075797561756295,-0.686075797561756295,0.686075797561756295,0.686075797561756295,0.686075797561756295,0.686075797561756295,0.686075797561756295,0.000173409820471358
6,full_diag_l0,1697,0.686075797561756295,0.686075797561756295,-0.686075797561756295,0.686075797561756295,-0.686075797561756295,0.686075797561756295,-0.686075797561756295,-0.686075797561756295,-0.686075797561756295,-0.686075797561756295,-0.686075797561756295,0.000173409820471358
6,full_diag_l0,1698,0.686075797561756295,0.686075797561756295,-0.686075797561756295,0.686075797561756295,-0.686075797561756295,0.686075797561756295,-0.686075797561756295,-0.686075797561756295,-0.686075797561756295,-0.686075797561756295,0.686075797561756295,0.000173409820471358
6,full_diag_l0,1699,0.686075797561756295,0.686075797561756295,-0.686075797561756295,0.686075797561756295,-0.686075797561756295,0.686075797561756295,-0.686075797561756295,-0.686075797561756295,-0.686075797561756295,0.686075797561756295,-0.686075797561756295,0.000173409820471358
6,full_diag_l0,1700,0.686075797561756295,0.686075797561756295,-0.686075797561756295,0.686075797561756295,-0.686075797561756295,0.686075797561756295,-0.686075797561756295,-0.686075797561756295,-0.686075797561756295,0.686075797561756295,0.686075797561756295,0.000173409820471358
6,full_diag_l0,1701,0.686075797561756295,0.686075797561756295,-0.686075797561756295,0.686075797561756295,-0.686075797561756295,0.686075797561756295,-0.686075797561756295,-0.686075797561756295,0.686075797561756295,-0.686075797561756295,-0.686075797561756295,0.000173409820471358
6,full_diag_l0,1702,0.686075797561756295,0.686075797561756295,-0.686075797561756295,0.686075797561756295,-0.686075797561756295,0.686075797561756295,-0.686075797561756295,-0.686075797561756295,0.686075797561756295,-0.686075797561756295,0.686075797561756295,0.000173409820471358
6,full_diag_l0,1703,0.686075797561756295,0.686075797561756295,-0.686075797561756295,0.686075797561756295,-0.686075797561756295,0.686075797561756295,-0.686075797561756295,-0.686075797561756295,0.686075797561756295,0.686075797561756295,-0.686075797561756295,0.000173409820471358
6,full_diag_l0,1704,0.686075797561756295,0.686075797561756295,-0.686075797561756295,0.686075797561756295,-0.686075797561756295,0.686075797561756295,-0.686075797561756295,-0.686075797561756295,0.686075797561756295,0.686075797561756295,0.686075797561756295,0.000173409820471358
6,full_diag_l0,1705,0.686075797561756295,0.686075797561756295,-0.686075797561756295,0.686075797561756295,-0.686075797561756295,0.686075797561756295,-0.686075797561756295,0.686075797561756295,-0.686075797561756295,-0.686075797561756295,-0.686075797561756295,0.000173409820471358
6,full_diag_l0,1706,0.686075797561756295,0.686075797561756295,-0.686075797561756295,0.686075797561756295,-0.686075797561756295,0.686075797561756295,-0.686075797561756295,0.686075797561756295,-0.686075797561756295,-0.686075797561756295,0.686075797561756295,0.000173409820471358
6,full_diag_l0,1707,0.686075797561756295,0.686075797561756295,-0.686075797561756295,0.686075797561756295,-0.686075797561756295,0.686075797561756295,-0.686075797561756295,0.686075797561756295,-0.686075797561756295,0.686075797561756295,-0.686075797561756295,0.000173409820471358
6,full_diag_l0,1708,0.686075797561756295,0.686075797561756295,-0.686075797561756295,0.686075797561756295,-0.686075797561756295,0.686075797561756295,-0.686075797561756295,0.686075797561756295,-0.686075797561756295,0.686075797561756295,0.686075797561756295,0.000173409820471358
6,full_diag_l0,1709,0.686075797561756295,0.686075797561756295,-0.686075797561756295,0.686075797561756295,-0.686075797561756295,0.686075797561756295,-0.686075797561756295,0.686075797561756295,0.686075797561756295,-0.686075797561756295,-0.686075797561756295,0.000173409820471358
6,full_diag_l0,1710,0.686075797561756295,0.686075797561756295,-0.686075797561756295,0.686075797561756295,-0.686075797561756295,0.686075797561756295,-0.686075797561756295,0.686075797561756295,0.686075797561756295,-0.686075797561756295,0.686075797561756295,0.000173409820471358
6,full_diag_l0,1711,0.686075797561756295,0.686075797561756295,-0.686075797561756295,0.686075797561756295,-0.686075797561756295,0.686075797561756295,-0.686075797561756295,0.686075797561756295,0.686075797561756295,0.686075797561756295,-0.686075797561756295,0.000173409820471358
6,full_diag_l0,1712,0.686075797561756295,0.686075797561756295,-0.686075797561756295,0.686075797561756295,-0.686075797561756295,0.686075797561756295,-0.686075797561756295,0.686075797561756295,0.686075797561756295,0.686075797561756295,0.686075797561756295,0.000173409820471358
6,full_diag_l0,1713,0.686075797561756295,0.686075797561756295,-0.686075797561756295,0.686075797561756295,-0.686075797561756295,0.686075797561756295,0.686075797561756295,-0.686075797561756295,-0.686075797561756295,-0.686075797561756295,-0.686075797561756295,0.000173409820471358
6,full_diag_l0,1714,0.686075797561756295,0.686075797561756295,-0.686075797561756295,0.686075797561756295,-0.686075797561756295,0.686075797561756295,0.686075797561756295,-0.686075797561756295,-0.686075797561756295,-0.686075797561756295,0.686075797561756295,0.000173409820471358
6,full_diag_l0,1715,0.686075797561756295,0.686075797561756295,-0.686075797561756295,0.686075797561756295,-0.686075797561756295,0.686075797561756295,0.686075797561756295,-0.686075797561756295,-0.686075797561756295,0.686075797561756295,-0.686075797561756295,0.000173409820471358
6,full_diag_l0,1716,0.686075797561756295,0.686075797561756295,-0.686075797561756295,0.686075797561756295,-0.686075797561756295,0.686075797561756295,0.686075797561756295,-0.686075797561756295,-0.686075797561756295,0.686075797561756295,0.686075797561756295,0.000173409820471358
6,full_diag_l0,1717,0.686075797561756295,0.686075797561756295,-0.686075797561756295,0.686075797561756295,-0.686075797561756295,0.686075797561756295,0.686075797561756295,-0.686075797561756295,0.686075797561756295,-0.686075797561756295,-0.686075797561756295,0.000173409820471358
6,full_diag_l0,1718,0.686075797561756295,0.686075797561756295,-0.686075797561756295,0.686075797561756295,-0.686075797561756295,0.686075797561756295,0.686075797561756295,-0.686075797561756295,0.686075797561756295,-0.686075797561756295,0.686075797561756295,0.000173409820471358
6,full_diag_l0,1719,0.686075797561756295,0.686075797561756295,-0.686075797561756295,0.686075797561756295,-0.686075797561756295,0.686075797561756295,0.686075797561756295,-0.686075797561756295,0.686075797561756295,0.686075797561756295,-0.686075797561756295,0.000173409820471358
6,full_diag_l0,1720,0.686075797561756295,0.686075797561756295,-0.686075797561756295,0.686075797561756295,-0.686075797561756295,0.686075797561756295,0.686075797561756295,-0.686075797561756295,0.686075797561756295,0.686075797561756295,0.686075797561756295,0.000173409820471358
6,full_diag_l0,1721,0.686075797561756295,0.686075797561756295,-0.686075797561756295,0.686075797561756295,-0.686075797561756295,0.686075797561756295,0.686075797561756295,0.686075797561756295,-0.686075797561756295,-0.686075797561756295,-0.686075797561756295,0.000173409820471358
6,full_diag_l0,1722,0.686075797561756295,0.686075797561756295,-0.686075797561756295,0.686075797561756295,-0.686075797561756295,0.686075797561756295,0.686075797561756295,0.686075797561756295,-0.686075797561756295,-0.686075797561756295,0.686075797561756295,0.000173409820471358
6,full_diag_l0,1723,0.686075797561756295,0.686075797561756295,-0.686075797561756295,0.686075797561756295,-0.686075797561756295,0.686075797561756295,0.686075797561756295,0.686075797561756295,-0.686075797561756295,0.686075797561756295,-0.686075797561756295,0.000173409820471358
6,full_diag_l0,1724,0.686075797561756295,0.686075797561756295,-0.686075797561756295,0.686075797561756295,-0.686075797561756295,0.686075797561756295,0.686075797561756295,0.686075797561756295,-0.686075797561756295,0.686075797561756295,0.686075797561756295,0.000173409820471358
6,full_diag_l0,1725,0.686075797561756295,0.686075797561756295,-0.686075797561756295,0.686075797561756295,-0.686075797561756295,0.686075797561756295,0.686075797561756295,0.686075797561756295,0.686075797561756295,-0.686075797561756295,-0.686075797561756295,0.000173409820471358
6,full_diag_l0,1726,0.686075797561756295,0.686075797561756295,-0.686075797561756295,0.686075797561756295,-0.686075797561756295,0.686075797561756295,0.686075797561756295,0.686075797561756295,0.686075797561756295,-0.686075797561756295,0.686075797561756295,0.000173409820471358
6,full_diag_l0,1727,0.686075797561756295,0.686075797561756295,-0.686075797561756295,0.686075797561756295,-0.686075797561756295,0.686075797561756295,0.686075797561756295,0.686075797561756295,0.686075797561756295,0.686075797561756295,-0.686075797561756295,0.000173409820471358
6,full_diag_l0,1728,0.686075797561756295,0.686075797561756295,-0.686075797561756295,0.686075797561756295,-0.686075797561756295,0.686075797561756295,0.686075797561756295,0.686075797561756295,0.686075797561756295,0.686075797561756295,0.686075797561756295,0.000173409820471358
6,full_diag_l0,1729,0.686075797561756295,0.686075797561756295,-0.686075797561756295,0.686075797561756295,0.686075797561756295,-0.686075797561756295,-0.686075797561756295,-0.686075797561756295,-0.686075797561756295,-0.686075797561756295,-0.686075797561756295,0.000173409820471358
6,full_diag_l0,1730,0.686075797561756295,0.686075797561756295,-0.686075797561756295,0.686075797561756295,0.686075797561756295,-0.686075797561756295,-0.686075797561756295,-0.686075797561756295,-0.686075797561756295,-0.686075797561756295,0.686075797561756295,0.000173409820471358
6,full_diag_l0,1731,0.686075797561756295,0.686075797561756295,-0.686075797561756295,0.686075797561756295,0.686075797561756295,-0.686075797561756295,-0.686075797561756295,-0.686075797561756295,-0.686075797561756295,0.686075797561756295,-0.686075797561756295,0.000173409820471358
6,full_diag_l0,1732,0.686075797561756295,0.686075797561756295,-0.686075797561756295,0.686075797561756295,0.686075797561756295,-0.686075797561756295,-0.686075797561756295,-0.686075797561756295,-0.686075797561756295,0.686075797561756295,0.686075797561756295,0.000173409820471358
6,full_diag_l0,1733,0.686075797561756295,0.686075797561756295,-0.686075797561756295,0.686075797561756295,0.686075797561756295,-0.686075797561756295,-0.686075797561756295,-0.686075797561756295,0.686075797561756295,-0.686075797561756295,-0.686075797561756295,0.000173409820471358
6,full_diag_l0,1734,0.686075797561756295,0.686075797561756295,-0.686075797561756295,0.686075797561756295,0.686075797561756295,-0.686075797561756295,-0.686075797561756295,-0.686075797561756295,0.686075797561756295,-0.686075797561756295,0.686075797561756295,0.000173409820471358
6,full_diag_l0,1735,0.686075797561756295,0.686075797561756295,-0.686075797561756295,0.686075797561756295,0.686075797561756295,-0.686075797561756295,-0.686075797561756295,-0.686075797561756295,0.686075797561756295,0.686075797561756295,-0.686075797561756295,0.000173409820471358
6,full_diag_l0,1736,0.686075797561756295,0.686075797561756295,-0.686075797561756295,0.686075797561756295,0.686075797561756295,-0.686075797561756295,-0.686075797561756295,-0.686075797561756295,0.686075797561756295,0.686075797561756295,0.686075797561756295,0.000173409820471358
6,full_diag_l0,1737,0.686075797561756295,0.686075797561756295,-0.686075797561756295,0.686075797561756295,0.686075797561756295,-0.686075797561756295,-0.686075797561756295,0.686075797561756295,-0.686075797561756295,-0.686075797561756295,-0.686075797561756295,0.000173409820471358
6,full_diag_l0,1738,0.686075797561756295,0.686075797561756295,-0.686075797561756295,0.686075797561756295,0.686075797561756295,-0.686075797561756295,-0.686075797561756295,0.686075797561756295,-0.686075797561756295,-0.686075797561756295,0.686075797561756295,0.000173409820471358
6,full_diag_l0,1739,0.686075797561756295,0.686075797561756295,-0.686075797561756295,0.686075797561756295,0.686075797561756295,-0.686075797561756295,-0.686075797561756295,0.686075797561756295,-0.686075797561756295,0.686075797561756295,-0.686075797561756295,0.000173409820471358
6,full_diag_l0,1740,0.686075797561756295,0.686075797561756295,-0.686075797561756295,0.686075797561756295,0.686075797561756295,-0.686075797561756295,-0.686075797561756295,0.686075797561756295,-0.686075797561756295,0.686075797561756295,0.686075797561756295,0.000173409820471358
6,full_diag_l0,1741,0.686075797561756295,0.686075797561756295,-0.686075797561756295,0.686075797561756295,0.686075797561756295,-0.686075797561756295,-0.686075797561756295,0.686075797561756295,0.686075797561756295,-0.686075797561756295,-0.686075797561756295,0.000173409820471358
6,full_diag_l0,1742,0.686075797561756295,0.686075797561756295,-0.686075797561756295,0.686075797561756295,0.686075797561756295,-0.686075797561756295,-0.686075797561756295,0.686075797561756295,0.686075797561756295,-0.686075797561756295,0.686075797561756295,0.000173409820471358
6,full_diag_l0,1743,0.686075797561756295,0.686075797561756295,-0.686075797561756295,0.686075797561756295,0.686075797561756295,-0.686075797561756295,-0.686075797561756295,0.686075797561756295,0.686075797561756295,0.686075797561756295,-0.686075797561756295,0.000173409820471358
6,full_diag_l0,1744,0.686075797561756295,0.686075797561756295,-0.686075797561756295,0.686075797561756295,0.686075797561756295,-0.686075797561756295,-0.686075797561756295,0.686075797561756295,0.686075797561756295,0.686075797561756295,0.686075797561756295,0.000173409820471358
6,full_diag_l0,1745,0.686075797561756295,0.686075797561756295,-0.686075797561756295,0.686075797561756295,0.686075797561756295,-0.686075797561756295,0.686075797561756295,-0.686075797561756295,-0.686075797561756295,-0.686075797561756295,-0.686075797561756295,0.000173409820471358
6,full_diag_l0,1746,0.686075797561756295,0.686075797561756295,-0.686075797561756295,0.686075797561756295,0.686075797561756295,-0.686075797561756295,0.686075797561756295,-0.686075797561756295,-0.686075797561756295,-0.686075797561756295,0.686075797561756295,0.000173409820471358
6,full_diag_l0,1747,0.686075797561756295,0.686075797561756295,-0.686075797561756295,0.686075797561756295,0.686075797561756295,-0.686075797561756295,0.686075797561756295,-0.686075797561756295,-0.686075797561756295,0.686075797561756295,-0.686075797561756295,0.000173409820471358
6,full_diag_l0,1748,0.686075797561756295,0.686075797561756295,-0.686075797561756295,0.686075797561756295,0.686075797561756295,-0.686075797561756295,0.686075797561756295,-0.686075797561756295,-0.686075797561756295,0.686075797561756295,0.686075797561756295,0.000173409820471358
6,full_diag_l0,1749,0.686075797561756295,0.686075797561756295,-0.686075797561756295,0.686075797561756295,0.686075797561756295,-0.686075797561756295,0.686075797561756295,-0.686075797561756295,0.686075797561756295,-0.686075797561756295,-0.686075797561756295,0.000173409820471358
6,full_diag_l0,1750,0.686075797561756295,0.686075797561756295,-0.686075797561756295,0.686075797561756295,0.686075797561756295,-0.686075797561756295,0.686075797561756295,-0.686075797561756295,0.686075797561756295,-0.686075797561756295,0.686075797561756295,0.000173409820471358
6,full_diag_l0,1751,0.686075797561756295,0.686075797561756295,-0.686075797561756295,0.686075797561756295,0.686075797561756295,-0.686075797561756295,0.686075797561756295,-0.686075797561756295,0.686075797561756295,0.686075797561756295,-0.686075797561756295,0.000173409820471358
6,full_diag_l0,1752,0.686075797561756295,0.686075797561756295,-0.686075797561756295,0.686075797561756295,0.686075797561756295,-0.686075797561756295,0.686075797561756295,-0.686075797561756295,0.686075797561756295,0.686075797561756295,0.686075797561756295,0.000173409820471358
6,full_diag_l0,1753,0.686075797561756295,0.686075797561756295,-0.686075797561756295,0.686075797561756295,0.686075797561756295,-0.686075797561756295,0.686075797561756295,0.686075797561756295,-0.686075797561756295,-0.686075797561756295,-0.686075797561756295,0.000173409820471358
6,full_diag_l0,1754,0.686075797561756295,0.686075797561756295,-0.686075797561756295,0.686075797561756295,0.686075797561756295,-0.686075797561756295,0.686075797561756295,0.686075797561756295,-0.686075797561756295,-0.686075797561756295,0.686075797561756295,0.000173409820471358
6,full_diag_l0,1755,0.686075797561756295,0.686075797561756295,-0.686075797561756295,0.686075797561756295,0.686075797561756295,-0.686075797561756295,0.686075797561756295,0.686075797561756295,-0.686075797561756295,0.686075797561756295,-0.686075797561756295,0.000173409820471358
6,full_diag_l0,1756,0.686075797561756295,0.686075797561756295,-0.686075797561756295,0.686075797561756295,0.686075797561756295,-0.686075797561756295,0.686075797561756295,0.686075797561756295,-0.686075797561756295,0.686075797561756295,0.686075797561756295,0.000173409820471358
6,full_diag_l0,1757,0.686075797561756295,0.686075797561756295,-0.686075797561756295,0.686075797561756295,0.686075797561756295,-0.686075797561756295,0.686075797561756295,0.686075797561756295,0.686075797561756295,-0.686075797561756295,-0.686075797561756295,0.000173409820471358
6,full_diag_l0,1758,0.686075797561756295,0.686075797561756295,-0.686075797561756295,0.686075797561756295,0.686075797561756295,-0.686075797561756295,0.686075797561756295,0.686075797561756295,0.686075797561756295,-0.686075797561756295,0.686075797561756295,0.000173409820471358
6,full_diag_l0,1759,0.686075797561756295,0.686075797561756295,-0.686075797561756295,0.686075797561756295,0.686075797561756295,-0.686075797561756295,0.686075797561756295,0.686075797561756295,0.686075797561756295,0.686075797561756295,-0.686075797561756295,0.000173409820471358
6,full_diag_l0,1760,0.686075797561756295,0.686075797561756295,-0.686075797561756295,0.686075797561756295,0.686075797561756295,-0.686075797561756295,0.686075797561756295,0.686075797561756295,0.686075797561756295,0.686075797561756295,0.686075797561756295,0.000173409820471358
6,full_diag_l0,1761,0.686075797561756295,0.686075797561756295,-0.686075797561756295,0.686075797561756295,0.686075797561756295,0.686075797561756295,-0.686075797561756295,-0.686075797561756295,-0.686075797561756295,-0.686075797561756295,-0.686075797561756295,0.000173409820471358
6,full_diag_l0,1762,0.686075797561756295,0.686075797561756295,-0.686075797561756295,0.686075797561756295,0.686075797561756295,0.686075797561756295,-0.686075797561756295,-0.686075797561756295,-0.686075797561756295,-0.686075797561756295,0.686075797561756295,0.000173409820471358
6,full_diag_l0,1763,0.686075797561756295,0.686075797561756295,-0.686075797561756295,0.686075797561756295,0.686075797561756295,0.686075797561756295,-0.686075797561756295,-0.686075797561756295,-0.686075797561756295,0.686075797561756295,-0.686075797561756295,0.000173409820471358
6,full_diag_l0,1764,0.686075797561756295,0.686075797561756295,-0.686075797561756295,0.686075797561756295,0.686075797561756295,0.686075797561756295,-0.686075797561756295,-0.686075797561756295,-0.686075797561756295,0.686075797561756295,0.686075797561756295,0.000173409820471358
6,full_diag_l0,1765,0.686075797561756295,0.686075797561756295,-0.686075797561756295,0.686075797561756295,0.686075797561756295,0.686075797561756295,-0.686075797561756295,-0.686075797561756295,0.686075797561756295,-0.686075797561756295,-0.686075797561756295,0.000173409820471358
6,full_diag_l0,1766,0.686075797561756295,0.686075797561756295,-0.686075797561756295,0.686075797561756295,0.686075797561756295,0.686075797561756295,-0.686075797561756295,-0.686075797561756295,0.686075797561756295,-0.686075797561756295,0.686075797561756295,0.000173409820471358
6,full_diag_l0,1767,0.686075797561756295,0.686075797561756295,-0.686075797561756295,0.686075797561756295,0.686075797561756295,0.686075797561756295,-0.686075797561756295,-0.686075797561756295,0.686075797561756295,0.686075797561756295,-0.686075797561756295,0.000173409820471358
6,full_diag_l0,1768,0.686075797561756295,0.686075797561756295,-0.686075797561756295,0.686075797561756295,0.686075797561756295,0.686075797561756295,-0.686075797561756295,-0.686075797561756295,0.686075797561756295,0.686075797561756295,0.686075797561756295,0.000173409820471358
6,full_diag_l0,1769,0.686075797561756295,0.686075797561756295,-0.686075797561756295,0.686075797561756295,0.686075797561756295,0.686075797561756295,-0.686075797561756295,0.686075797561756295,-0.686075797561756295,-0.686075797561756295,-0.686075797561756295,0.000173409820471358
6,full_diag_l0,1770,0.686075797561756295,0.686075797561756295,-0.686075797561756295,0.686075797561756295,0.686075797561756295,0.686075797561756295,-0.686075797561756295,0.686075797561756295,-0.686075797561756295,-0.686075797561756295,0.686075797561756295,0.000173409820471358
6,full_diag_l0,1771,0.686075797561756295,0.686075797561756295,-0.686075797561756295,0.686075797561756295,0.686075797561756295,0.686075797561756295,-0.686075797561756295,0.686075797561756295,-0.686075797561756295,0.686075797561756295,-0.686075797561756295,0.000173409820471358
6,full_diag_l0,1772,0.686075797561756295,0.686075797561756295,-0.686075797561756295,0.686075797561756295,0.686075797561756295,0.686075797561756295,-0.686075797561756295,0.686075797561756295,-0.686075797561756295,0.686075797561756295,0.686075797561756295,0.000173409820471358
6,full_diag_l0,1773,0.686075797561756295,0.686075797561756295,-0.686075797561756295,0.686075797561756295,0.686075797561756295,0.686075797561756295,-0.686075797561756295,0.686075797561756295,0.686075797561756295,-0.686075797561756295,-0.686075797561756295,0.000173409820471358
6,full_diag_l0,1774,0.686075797561756295,0.686075797561756295,-0.686075797561756295,0.686075797561756295,0.686075797561756295,0.686075797561756295,-0.686075797561756295,0.686075797561756295,0.686075797561756295,-0.686075797561756295,0.686075797561756295,0.000173409820471358
6,full_diag_l0,1775,0.686075797561756295,0.686075797561756295,-0.686075797561756295,0.686075797561756295,0.686075797561756295,0.686075797561756295,-0.686075797561756295,0.686075797561756295,0.686075797561756295,0.686075797561756295,-0.686075797561756295,0.000173409820471358
6,full_diag_l0,1776,0.686075797561756295,0.686075797561756295,-0.686075797561756295,0.686075797561756295,0.686075797561756295,0.686075797561756295,-0.686075797561756295,0.686075797561756295,0.686075797561756295,0.686075797561756295,0.686075797561756295,0.000173409820471358
6,full_diag_l0,1777,0.686075797561756295,0.686075797561756295,-0.686075797561756295,0.686075797561756295,0.686075797561756295,0.686075797561756295,0.686075797561756295,-0.686075797561756295,-0.686075797561756295,-0.686075797561756295,-0.686075797561756295,0.000173409820471358
6,full_diag_l0,1778,0.686075797561756295,0.686075797561756295,-0.686075797561756295,0.686075797561756295,0.686075797561756295,0.686075797561756295,0.686075797561756295,-0.686075797561756295,-0.686075797561756295,-0.686075797561756295,0.686075797561756295,0.000173409820471358
6,full_diag_l0,1779,0.686075797561756295,0.686075797561756295,-0.686075797561756295,0.686075797561756295,0.686075797561756295,0.686075797561756295,0.686075797561756295,-0.686075797561756295,-0.686075797561756295,0.686075797561756295,-0.686075797561756295,0.000173409820471358
6,full_diag_l0,1780,0.686075797561756295,0.686075797561756295,-0.686075797561756295,0.686075797561756295,0.686075797561756295,0.686075797561756295,0.686075797561756295,-0.686075797561756295,-0.686075797561756295,0.686075797561756295,0.686075797561756295,0.000173409820471358
6,full_diag_l0,1781,0.686075797561756295,0.686075797561756295,-0.686075797561756295,0.686075797561756295,0.686075797561756295,0.686075797561756295,0.686075797561756295,-0.686075797561756295,0.686075797561756295,-0.686075797561756295,-0.686075797561756295,0.000173409820471358
6,full_diag_l0,1782,0.686075797561756295,0.686075797561756295,-0.686075797561756295,0.686075797561756295,0.686075797561756295,0.686075797561756295,0.686075797561756295,-0.686075797561756295,0.686075797561756295,-0.686075797561756295,0.686075797561756295,0.000173409820471358
6,full_diag_l0,1783,0.686075797561756295,0.686075797561756295,-0.686075797561756295,0.686075797561756295,0.686075797561756295,0.686075797561756295,0.686075797561756295,-0.686075797561756295,0.686075797561756295,0.686075797561756295,-0.686075797561756295,0.000173409820471358
6,full_diag_l0,1784,0.686075797561756295,0.686075797561756295,-0.686075797561756295,0.686075797561756295,0.686075797561756295,0.686075797561756295,0.686075797561756295,-0.686075797561756295,0.686075797561756295,0.686075797561756295,0.686075797561756295,0.000173409820471358
6,full_diag_l0,1785,0.686075797561756295,0.686075797561756295,-0.686075797561756295,0.686075797561756295,0.686075797561756295,0.686075797561756295,0.686075797561756295,0.686075797561756295,-0.686075797561756295,-0.686075797561756295,-0.686075797561756295,0.000173409820471358
6,full_diag_l0,1786,0.686075797561756295,0.686075797561756295,-0.686075797561756295,0.686075797561756295,0.686075797561756295,0.686075797561756295,0.686075797561756295,0.686075797561756295,-0.686075797561756295,-0.686075797561756295,0.686075797561756295,0.000173409820471358
6,full_diag_l0,1787,0.686075797561756295,0.686075797561756295,-0.686075797561756295,0.686075797561756295,0.686075797561756295,0.686075797561756295,0.686075797561756295,0.686075797561756295,-0.686075797561756295,0.686075797561756295,-0.686075797561756295,0.000173409820471358
6,full_diag_l0,1788,0.686075797561756295,0.686075797561756295,-0.686075797561756295,0.686075797561756295,0.686075797561756295,0.686075797561756295,0.686075797561756295,0.686075797561756295,-0.686075797561756295,0.686075797561756295,0.686075797561756295,0.000173409820471358
6,full_diag_l0,1789,0.686075797561756295,0.686075797561756295,-0.686075797561756295,0.686075797561756295,0.686075797561756295,0.686075797561756295,0.686075797561756295,0.686075797561756295,0.686075797561756295,-0.686075797561756295,-0.686075797561756295,0.000173409820471358
6,full_diag_l0,1790,0.686075797561756295,0.686075797561756295,-0.686075797561756295,0.686075797561756295,0.686075797561756295,0.686075797561756295,0.686075797561756295,0.686075797561756295,0.686075797561756295,-0.686075797561756295,0.686075797561756295,0.000173409820471358
6,full_diag_l0,1791,0.686075797561756295,0.686075797561756295,-0.686075797561756295,0.686075797561756295,0.686075797561756295,0.686075797561756295,0.686075797561756295,0.686075797561756295,0.686075797561756295,0.686075797561756295,-0.686075797561756295,0.000173409820471358
6,full_diag_l0,1792,0.686075797561756295,0.686075797561756295,-0.686075797561756295,0.686075797561756295,0.686075797561756295,0.686075797561756295,0.686075797561756295,0.686075797561756295,0.686075797561756295,0.686075797561756295,0.686075797561756295,0.000173409820471358
6,full_diag_l0,1793,0.686075797561756295,0.686075797561756295,0.686075797561756295,-0.686075797561756295,-0.686075797561756295,-0.686075797561756295,-0.686075797561756295,-0.686075797561756295,-0.686075797561756295,-0.686075797561756295,-0.686075797561756295,0.000173409820471358
6,full_diag_l0,1794,0.686075797561756295,0.686075797561756295,0.686075797561756295,-0.686075797561756295,-0.686075797561756295,-0.686075797561756295,-0.686075797561756295,-0.686075797561756295,-0.686075797561756295,-0.686075797561756295,0.686075797561756295,0.000173409820471358
6,full_diag_l0,1795,0.686075797561756295,0.686075797561756295,0.686075797561756295,-0.686075797561756295,-0.686075797561756295,-0.686075797561756295,-0.686075797561756295,-0.686075797561756295,-0.686075797561756295,0.686075797561756295,-0.686075797561756295,0.000173409820471358
6,full_diag_l0,1796,0.686075797561756295,0.686075797561756295,0.686075797561756295,-0.686075797561756295,-0.686075797561756295,-0.686075797561756295,-0.686075797561756295,-0.686075797561756295,-0.686075797561756295,0.686075797561756295,0.686075797561756295,0.000173409820471358
6,full_diag_l0,1797,0.686075797561756295,0.686075797561756295,0.686075797561756295,-0.686075797561756295,-0.686075797561756295,-0.686075797561756295,-0.686075797561756295,-0.686075797561756295,0.686075797561756295,-0.686075797561756295,-0.686075797561756295,0.000173409820471358
6,full_diag_l0,1798,0.686075797561756295,0.686075797561756295,0.686075797561756295,-0.686075797561756295,-0.686075797561756295,-0.686075797561756295,-0.686075797561756295,-0.686075797561756295,0.686075797561756295,-0.686075797561756295,0.686075797561756295,0.000173409820471358
6,full_diag_l0,1799,0.686075797561756295,0.686075797561756295,0.686075797561756295,-0.686075797561756295,-0.686075797561756295,-0.686075797561756295,-0.686075797561756295,-0.686075797561756295,0.686075797561756295,0.686075797561756295,-0.686075797561756295,0.000173409820471358
6,full_diag_l0,1800,0.686075797561756295,0.686075797561756295,0.686075797561756295,-0.686075797561756295,-0.686075797561756295,-0.686075797561756295,-0.686075797561756295,-0.686075797561756295,0.686075797561756295,0.686075797561756295,0.686075797561756295,0.000173409820471358
6,full_diag_l0,1801,0.686075797561756295,0.686075797561756295,0.686075797561756295,-0.686075797561756295,-0.686075797561756295,-0.686075797561756295,-0.686075797561756295,0.686075797561756295,-0.686075797561756295,-0.686075797561756295,-0.686075797561756295,0.000173409820471358
6,full_diag_l0,1802,0.686075797561756295,0.686075797561756295,0.686075797561756295,-0.686075797561756295,-0.686075797561756295,-0.686075797561756295,-0.686075797561756295,0.686075797561756295,-0.686075797561756295,-0.686075797561756295,0.686075797561756295,0.000173409820471358
6,full_diag_l0,1803,0.686075797561756295,0.686075797561756295,0.686075797561756295,-0.686075797561756295,-0.686075797561756295,-0.686075797561756295,-0.686075797561756295,0.686075797561756295,-0.686075797561756295,0.686075797561756295,-0.686075797561756295,0.000173409820471358
6,full_diag_l0,1804,0.686075797561756295,0.686075797561756295,0.686075797561756295,-0.686075797561756295,-0.686075797561756295,-0.686075797561756295,-0.686075797561756295,0.686075797561756295,-0.686075797561756295,0.686075797561756295,0.686075797561756295,0.000173409820471358
6,full_diag_l0,1805,0.686075797561756295,0.686075797561756295,0.686075797561756295,-0.686075797561756295,-0.686075797561756295,-0.686075797561756295,-0.686075797561756295,0.686075797561756295,0.686075797561756295,-0.686075797561756295,-0.686075797561756295,0.000173409820471358
6,full_diag_l0,1806,0.686075797561756295,0.686075797561756295,0.686075797561756295,-0.686075797561756295,-0.686075797561756295,-0.686075797561756295,-0.686075797561756295,0.686075797561756295,0.686075797561756295,-0.686075797561756295,0.686075797561756295,0.000173409820471358
6,full_diag_l0,1807,0.686075797561756295,0.686075797561756295,0.686075797561756295,-0.686075797561756295,-0.686075797561756295,-0.686075797561756295,-0.686075797561756295,0.686075797561756295,0.686075797561756295,0.686075797561756295,-0.686075797561756295,0.000173409820471358
6,full_diag_l0,1808,0.686075797561756295,0.686075797561756295,0.686075797561756295,-0.686075797561756295,-0.686075797561756295,-0.686075797561756295,-0.686075797561756295,0.686075797561756295,0.686075797561756295,0.686075797561756295,0.686075797561756295,0.000173409820471358
6,full_diag_l0,1809,0.686075797561756295,0.686075797561756295,0.686075797561756295,-0.686075797561756295,-0.686075797561756295,-0.686075797561756295,0.686075797561756295,-0.686075797561756295,-0.686075797561756295,-0.686075797561756295,-0.686075797561756295,0.000173409820471358
6,full_diag_l0,1810,0.686075797561756295,0.686075797561756295,0.686075797561756295,-0.686075797561756295,-0.686075797561756295,-0.686075797561756295,0.686075797561756295,-0.686075797561756295,-0.686075797561756295,-0.686075797561756295,0.686075797561756295,0.000173409820471358
6,full_diag_l0,1811,0.686075797561756295,0.686075797561756295,0.686075797561756295,-0.686075797561756295,-0.686075797561756295,-0.686075797561756295,0.686075797561756295,-0.686075797561756295,-0.686075797561756295,0.686075797561756295,-0.686075797561756295,0.000173409820471358
6,full_diag_l0,1812,0.686075797561756295,0.686075797561756295,0.686075797561756295,-0.686075797561756295,-0.686075797561756295,-0.686075797561756295,0.686075797561756295,-0.686075797561756295,-0.686075797561756295,0.686075797561756295,0.686075797561756295,0.000173409820471358
6,full_diag_l0,1813,0.686075797561756295,0.686075797561756295,0.686075797561756295,-0.686075797561756295,-0.686075797561756295,-0.686075797561756295,0.686075797561756295,-0.686075797561756295,0.686075797561756295,-0.686075797561756295,-0.686075797561756295,0.000173409820471358
6,full_diag_l0,1814,0.686075797561756295,0.686075797561756295,0.686075797561756295,-0.686075797561756295,-0.686075797561756295,-0.686075797561756295,0.686075797561756295,-0.686075797561756295,0.686075797561756295,-0.686075797561756295,0.686075797561756295,0.000173409820471358
6,full_diag_l0,1815,0.686075797561756295,0.686075797561756295,0.686075797561756295,-0.686075797561756295,-0.686075797561756295,-0.686075797561756295,0.686075797561756295,-0.686075797561756295,0.686075797561756295,0.686075797561756295,-0.686075797561756295,0.000173409820471358
6,full_diag_l0,1816,0.686075797561756295,0.686075797561756295,0.686075797561756295,-0.686075797561756295,-0.686075797561756295,-0.686075797561756295,0.686075797561756295,-0.686075797561756295,0.686075797561756295,0.686075797561756295,0.686075797561756295,0.000173409820471358
6,full_diag_l0,1817,0.686075797561756295,0.686075797561756295,0.686075797561756295,-0.686075797561756295,-0.686075797561756295,-0.686075797561756295,0.686075797561756295,0.686075797561756295,-0.686075797561756295,-0.686075797561756295,-0.686075797561756295,0.000173409820471358
6,full_diag_l0,1818,0.686075797561756295,0.686075797561756295,0.686075797561756295,-0.686075797561756295,-0.686075797561756295,-0.686075797561756295,0.686075797561756295,0.686075797561756295,-0.686075797561756295,-0.686075797561756295,0.686075797561756295,0.000173409820471358
6,full_diag_l0,1819,0.686075797561756295,0.686075797561756295,0.686075797561756295,-0.686075797561756295,-0.686075797561756295,-0.686075797561756295,0.686075797561756295,0.686075797561756295,-0.686075797561756295,0.686075797561756295,-0.686075797561756295,0.000173409820471358
6,full_diag_l0,1820,0.686075797561756295,0.686075797561756295,0.686075797561756295,-0.686075797561756295,-0.686075797561756295,-0.686075797561756295,0.686075797561756295,0.686075797561756295,-0.686075797561756295,0.686075797561756295,0.686075797561756295,0.000173409820471358
6,full_diag_l0,1821,0.686075797561756295,0.686075797561756295,0.686075797561756295,-0.686075797561756295,-0.686075797561756295,-0.686075797561756295,0.686075797561756295,0.686075797561756295,0.686075797561756295,-0.686075797561756295,-0.686075797561756295,0.000173409820471358
6,full_diag_l0,1822,0.686075797561756295,0.686075797561756295,0.686075797561756295,-0.686075797561756295,-0.686075797561756295,-0.686075797561756295,0.686075797561756295,0.686075797561756295,0.686075797561756295,-0.686075797561756295,0.686075797561756295,0.000173409820471358
6,full_diag_l0,1823,0.686075797561756295,0.686075797561756295,0.686075797561756295,-0.686075797561756295,-0.686075797561756295,-0.686075797561756295,0.686075797561756295,0.686075797561756295,0.686075797561756295,0.686075797561756295,-0.686075797561756295,0.000173409820471358
6,full_diag_l0,1824,0.686075797561756295,0.686075797561756295,0.686075797561756295,-0.686075797561756295,-0.686075797561756295,-0.686075797561756295,0.686075797561756295,0.686075797561756295,0.686075797561756295,0.686075797561756295,0.686075797561756295,0.000173409820471358
6,full_diag_l0,1825,0.686075797561756295,0.686075797561756295,0.686075797561756295,-0.686075797561756295,-0.686075797561756295,0.686075797561756295,-0.686075797561756295,-0.686075797561756295,-0.686075797561756295,-0.686075797561756295,-0.686075797561756295,0.000173409820471358
6,full_diag_l0,1826,0.686075797561756295,0.686075797561756295,0.686075797561756295,-0.686075797561756295,-0.686075797561756295,0.686075797561756295,-0.686075797561756295,-0.686075797561756295,-0.686075797561756295,-0.686075797561756295,0.686075797561756295,0.000173409820471358
6,full_diag_l0,1827,0.686075797561756295,0.686075797561756295,0.686075797561756295,-0.686075797561756295,-0.686075797561756295,0.686075797561756295,-0.686075797561756295,-0.686075797561756295,-0.686075797561756295,0.686075797561756295,-0.686075797561756295,0.000173409820471358
6,full_diag_l0,1828,0.686075797561756295,0.686075797561756295,0.686075797561756295,-0.686075797561756295,-0.686075797561756295,0.686075797561756295,-0.686075797561756295,-0.686075797561756295,-0.686075797561756295,0.686075797561756295,0.686075797561756295,0.000173409820471358
6,full_diag_l0,1829,0.686075797561756295,0.686075797561756295,0.686075797561756295,-0.686075797561756295,-0.686075797561756295,0.686075797561756295,-0.686075797561756295,-0.686075797561756295,0.686075797561756295,-0.686075797561756295,-0.686075797561756295,0.000173409820471358
6,full_diag_l0,1830,0.686075797561756295,0.686075797561756295,0.686075797561756295,-0.686075797561756295,-0.686075797561756295,0.686075797561756295,-0.686075797561756295,-0.686075797561756295,0.686075797561756295,-0.686075797561756295,0.686075797561756295,0.000173409820471358
6,full_diag_l0,1831,0.686075797561756295,0.686075797561756295,0.686075797561756295,-0.686075797561756295,-0.686075797561756295,0.686075797561756295,-0.686075797561756295,-0.686075797561756295,0.686075797561756295,0.686075797561756295,-0.686075797561756295,0.000173409820471358
6,full_diag_l0,1832,0.686075797561756295,0.686075797561756295,0.686075797561756295,-0.686075797561756295,-0.686075797561756295,0.686075797561756295,-0.686075797561756295,-0.686075797561756295,0.686075797561756295,0.686075797561756295,0.686075797561756295,0.000173409820471358
6,full_diag_l0,1833,0.686075797561756295,0.686075797561756295,0.686075797561756295,-0.686075797561756295,-0.686075797561756295,0.686075797561756295,-0.686075797561756295,0.686075797561756295,-0.686075797561756295,-0.686075797561756295,-0.686075797561756295,0.000173409820471358
6,full_diag_l0,1834,0.686075797561756295,0.686075797561756295,0.686075797561756295,-0.686075797561756295,-0.686075797561756295,0.686075797561756295,-0.686075797561756295,0.686075797561756295,-0.686075797561756295,-0.686075797561756295,0.686075797561756295,0.000173409820471358
6,full_diag_l0,1835,0.686075797561756295,0.686075797561756295,0.686075797561756295,-0.686075797561756295,-0.686075797561756295,0.686075797561756295,-0.686075797561756295,0.686075797561756295,-0.686075797561756295,0.686075797561756295,-0.686075797561756295,0.000173409820471358
6,full_diag_l0,1836,0.686075797561756295,0.686075797561756295,0.686075797561756295,-0.686075797561756295,-0.686075797561756295,0.686075797561756295,-0.686075797561756295,0.686075797561756295,-0.686075797561756295,0.686075797561756295,0.686075797561756295,0.000173409820471358
6,full_diag_l0,1837,0.686075797561756295,0.686075797561756295,0.686075797561756295,-0.686075797561756295,-0.686075797561756295,0.686075797561756295,-0.686075797561756295,0.686075797561756295,0.686075797561756295,-0.686075797561756295,-0.686075797561756295,0.000173409820471358
6,full_diag_l0,1838,0.686075797561756295,0.686075797561756295,0.686075797561756295,-0.686075797561756295,-0.686075797561756295,0.686075797561756295,-0.686075797561756295,0.686075797561756295,0.686075797561756295,-0.686075797561756295,0.686075797561756295,0.000173409820471358
6,full_diag_l0,1839,0.686075797561756295,0.686075797561756295,0.686075797561756295,-0.686075797561756295,-0.686075797561756295,0.686075797561756295,-0.686075797561756295,0.686075797561756295,0.686075797561756295,0.686075797561756295,-0.686075797561756295,0.000173409820471358
6,full_diag_l0,1840,0.686075797561756295,0.686075797561756295,0.686075797561756295,-0.686075797561756295,-0.686075797561756295,0.686075797561756295,-0.686075797561756295,0.686075797561756295,0.686075797561756295,0.686075797561756295,0.686075797561756295,0.000173409820471358
6,full_diag_l0,1841,0.686075797561756295,0.686075797561756295,0.686075797561756295,-0.686075797561756295,-0.686075797561756295,0.686075797561756295,0.686075797561756295,-0.686075797561756295,-0.686075797561756295,-0.686075797561756295,-0.686075797561756295,0.000173409820471358
6,full_diag_l0,1842,0.686075797561756295,0.686075797561756295,0.686075797561756295,-0.686075797561756295,-0.686075797561756295,0.686075797561756295,0.686075797561756295,-0.686075797561756295,-0.686075797561756295,-0.686075797561756295,0.686075797561756295,0.000173409820471358
6,full_diag_l0,1843,0.686075797561756295,0.686075797561756295,0.686075797561756295,-0.686075797561756295,-0.686075797561756295,0.686075797561756295,0.686075797561756295,-0.686075797561756295,-0.686075797561756295,0.686075797561756295,-0.686075797561756295,0.000173409820471358
6,full_diag_l0,1844,0.686075797561756295,0.686075797561756295,0.686075797561756295,-0.686075797561756295,-0.686075797561756295,0.686075797561756295,0.686075797561756295,-0.686075797561756295,-0.686075797561756295,0.686075797561756295,0.686075797561756295,0.000173409820471358
6,full_diag_l0,1845,0.686075797561756295,0.686075797561756295,0.686075797561756295,-0.686075797561756295,-0.686075797561756295,0.686075797561756295,0.686075797561756295,-0.686075797561756295,0.686075797561756295,-0.686075797561756295,-0.686075797561756295,0.000173409820471358
6,full_diag_l0,1846,0.686075797561756295,0.686075797561756295,0.686075797561756295,-0.686075797561756295,-0.686075797561756295,0.686075797561756295,0.686075797561756295,-0.686075797561756295,0.686075797561756295,-0.686075797561756295,0.686075797561756295,0.000173409820471358
6,full_diag_l0,1847,0.686075797561756295,0.686075797561756295,0.686075797561756295,-0.686075797561756295,-0.686075797561756295,0.686075797561756295,0.686075797561756295,-0.686075797561756295,0.686075797561756295,0.686075797561756295,-0.686075797561756295,0.000173409820471358
6,full_diag_l0,1848,0.686075797561756295,0.686075797561756295,0.686075797561756295,-0.686075797561756295,-0.686075797561756295,0.686075797561756295,0.686075797561756295,-0.686075797561756295,0.686075797561756295,0.686075797561756295,0.686075797561756295,0.000173409820471358
6,full_diag_l0,1849,0.686075797561756295,0.686075797561756295,0.686075797561756295,-0.686075797561756295,-0.686075797561756295,0.686075797561756295,0.686075797561756295,0.686075797561756295,-0.686075797561756295,-0.686075797561756295,-0.686075797561756295,0.000173409820471358
6,full_diag_l0,1850,0.686075797561756295,0.686075797561756295,0.686075797561756295,-0.686075797561756295,-0.686075797561756295,0.686075797561756295,0.686075797561756295,0.686075797561756295,-0.686075797561756295,-0.686075797561756295,0.686075797561756295,0.000173409820471358
6,full_diag_l0,1851,0.686075797561756295,0.686075797561756295,0.686075797561756295,-0.686075797561756295,-0.686075797561756295,0.686075797561756295,0.686075797561756295,0.686075797561756295,-0.686075797561756295,0.686075797561756295,-0.686075797561756295,0.000173409820471358
6,full_diag_l0,1852,0.686075797561756295,0.686075797561756295,0.686075797561756295,-0.686075797561756295,-0.686075797561756295,0.686075797561756295,0.686075797561756295,0.686075797561756295,-0.686075797561756295,0.686075797561756295,0.686075797561756295,0.000173409820471358
6,full_diag_l0,1853,0.686075797561756295,0.686075797561756295,0.686075797561756295,-0.686075797561756295,-0.686075797561756295,0.686075797561756295,0.686075797561756295,0.686075797561756295,0.686075797561756295,-0.686075797561756295,-0.686075797561756295,0.000173409820471358
6,full_diag_l0,1854,0.686075797561756295,0.686075797561756295,0.686075797561756295,-0.686075797561756295,-0.686075797561756295,0.686075797561756295,0.686075797561756295,0.686075797561756295,0.686075797561756295,-0.686075797561756295,0.686075797561756295,0.000173409820471358
6,full_diag_l0,1855,0.686075797561756295,0.686075797561756295,0.686075797561756295,-0.686075797561756295,-0.686075797561756295,0.686075797561756295,0.686075797561756295,0.686075797561756295,0.686075797561756295,0.686075797561756295,-0.686075797561756295,0.000173409820471358
6,full_diag_l0,1856,0.686075797561756295,0.686075797561756295,0.686075797561756295,-0.686075797561756295,-0.686075797561756295,0.686075797561756295,0.686075797561756295,0.686075797561756295,0.686075797561756295,0.686075797561756295,0.686075797561756295,0.000173409820471358
6,full_diag_l0,1857,0.686075797561756295,0.686075797561756295,0.686075797561756295,-0.686075797561756295,0.686075797561756295,-0.686075797561756295,-0.686075797561756295,-0.686075797561756295,-0.686075797561756295,-0.686075797561756295,-0.686075797561756295,0.000173409820471358
6,full_diag_l0,1858,0.686075797561756295,0.686075797561756295,0.686075797561756295,-0.686075797561756295,0.686075797561756295,-0.686075797561756295,-0.686075797561756295,-0.686075797561756295,-0.686075797561756295,-0.686075797561756295,0.686075797561756295,0.000173409820471358
6,full_diag_l0,1859,0.686075797561756295,0.686075797561756295,0.686075797561756295,-0.686075797561756295,0.686075797561756295,-0.686075797561756295,-0.686075797561756295,-0.686075797561756295,-0.686075797561756295,0.686075797561756295,-0.686075797561756295,0.000173409820471358
6,full_diag_l0,1860,0.686075797561756295,0.686075797561756295,0.686075797561756295,-0.686075797561756295,0.686075797561756295,-0.686075797561756295,-0.686075797561756295,-0.686075797561756295,-0.686075797561756295,0.686075797561756295,0.686075797561756295,0.000173409820471358
6,full_diag_l0,1861,0.686075797561756295,0.686075797561756295,0.686075797561756295,-0.686075797561756295,0.686075797561756295,-0.686075797561756295,-0.686075797561756295,-0.686075797561756295,0.686075797561756295,-0.686075797561756295,-0.686075797561756295,0.000173409820471358
6,full_diag_l0,1862,0.686075797561756295,0.686075797561756295,0.686075797561756295,-0.686075797561756295,0.686075797561756295,-0.686075797561756295,-0.686075797561756295,-0.686075797561756295,0.686075797561756295,-0.686075797561756295,0.686075797561756295,0.000173409820471358
6,full_diag_l0,1863,0.686075797561756295,0.686075797561756295,0.686075797561756295,-0.686075797561756295,0.686075797561756295,-0.686075797561756295,-0.686075797561756295,-0.686075797561756295,0.686075797561756295,0.686075797561756295,-0.686075797561756295,0.000173409820471358
6,full_diag_l0,1864,0.686075797561756295,0.686075797561756295,0.686075797561756295,-0.686075797561756295,0.686075797561756295,-0.686075797561756295,-0.686075797561756295,-0.686075797561756295,0.686075797561756295,0.686075797561756295,0.686075797561756295,0.000173409820471358
6,full_diag_l0,1865,0.686075797561756295,0.686075797561756295,0.686075797561756295,-0.686075797561756295,0.686075797561756295,-0.686075797561756295,-0.686075797561756295,0.686075797561756295,-0.686075797561756295,-0.686075797561756295,-0.686075797561756295,0.000173409820471358
6,full_diag_l0,1866,0.686075797561756295,0.686075797561756295,0.686075797561756295,-0.686075797561756295,0.686075797561756295,-0.686075797561756295,-0.686075797561756295,0.686075797561756295,-0.686075797561756295,-0.686075797561756295,0.686075797561756295,0.000173409820471358
6,full_diag_l0,1867,0.686075797561756295,0.686075797561756295,0.686075797561756295,-0.686075797561756295,0.686075797561756295,-0.686075797561756295,-0.686075797561756295,0.686075797561756295,-0.686075797561756295,0.686075797561756295,-0.686075797561756295,0.000173409820471358
6,full_diag_l0,1868,0.686075797561756295,0.686075797561756295,0.686075797561756295,-0.686075797561756295,0.686075797561756295,-0.686075797561756295,-0.686075797561756295,0.686075797561756295,-0.686075797561756295,0.686075797561756295,0.686075797561756295,0.000173409820471358
6,full_diag_l0,1869,0.686075797561756295,0.686075797561756295,0.686075797561756295,-0.686075797561756295,0.686075797561756295,-0.686075797561756295,-0.686075797561756295,0.686075797561756295,0.686075797561756295,-0.686075797561756295,-0.686075797561756295,0.000173409820471358
6,full_diag_l0,1870,0.686075797561756295,0.686075797561756295,0.686075797561756295,-0.686075797561756295,0.686075797561756295,-0.686075797561756295,-0.686075797561756295,0.686075797561756295,0.686075797561756295,-0.686075797561756295,0.686075797561756295,0.000173409820471358
6,full_diag_l0,1871,0.686075797561756295,0.686075797561756295,0.686075797561756295,-0.686075797561756295,0.686075797561756295,-0.686075797561756295,-0.686075797561756295,0.686075797561756295,0.686075797561756295,0.686075797561756295,-0.686075797561756295,0.000173409820471358
6,full_diag_l0,1872,0.686075797561756295,0.686075797561756295,0.686075797561756295,-0.686075797561756295,0.686075797561756295,-0.686075797561756295,-0.686075797561756295,0.686075797561756295,0.686075797561756295,0.686075797561756295,0.686075797561756295,0.000173409820471358
6,full_diag_l0,1873,0.686075797561756295,0.686075797561756295,0.686075797561756295,-0.686075797561756295,0.686075797561756295,-0.686075797561756295,0.686075797561756295,-0.686075797561756295,-0.686075797561756295,-0.686075797561756295,-0.686075797561756295,0.000173409820471358
6,full_diag_l0,1874,0.686075797561756295,0.686075797561756295,0.686075797561756295,-0.686075797561756295,0.686075797561756295,-0.686075797561756295,0.686075797561756295,-0.686075797561756295,-0.686075797561756295,-0.686075797561756295,0.686075797561756295,0.000173409820471358
6,full_diag_l0,1875,0.686075797561756295,0.686075797561756295,0.686075797561756295,-0.686075797561756295,0.686075797561756295,-0.686075797561756295,0.686075797561756295,-0.686075797561756295,-0.686075797561756295,0.686075797561756295,-0.686075797561756295,0.000173409820471358
6,full_diag_l0,1876,0.686075797561756295,0.686075797561756295,0.686075797561756295,-0.686075797561756295,0.686075797561756295,-0.686075797561756295,0.686075797561756295,-0.686075797561756295,-0.686075797561756295,0.686075797561756295,0.686075797561756295,0.000173409820471358
6,full_diag_l0,1877,0.686075797561756295,0.686075797561756295,0.686075797561756295,-0.686075797561756295,0.686075797561756295,-0.686075797561756295,0.686075797561756295,-0.686075797561756295,0.686075797561756295,-0.686075797561756295,-0.686075797561756295,0.000173409820471358
6,full_diag_l0,1878,0.686075797561756295,0.686075797561756295,0.686075797561756295,-0.686075797561756295,0.686075797561756295,-0.686075797561756295,0.686075797561756295,-0.686075797561756295,0.686075797561756295,-0.686075797561756295,0.686075797561756295,0.000173409820471358
6,full_diag_l0,1879,0.686075797561756295,0.686075797561756295,0.686075797561756295,-0.686075797561756295,0.686075797561756295,-0.686075797561756295,0.686075797561756295,-0.686075797561756295,0.686075797561756295,0.686075797561756295,-0.686075797561756295,0.000173409820471358
6,full_diag_l0,1880,0.686075797561756295,0.686075797561756295,0.686075797561756295,-0.686075797561756295,0.686075797561756295,-0.686075797561756295,0.686075797561756295,-0.686075797561756295,0.686075797561756295,0.686075797561756295,0.686075797561756295,0.000173409820471358
6,full_diag_l0,1881,0.686075797561756295,0.686075797561756295,0.686075797561756295,-0.686075797561756295,0.686075797561756295,-0.686075797561756295,0.686075797561756295,0.686075797561756295,-0.686075797561756295,-0.686075797561756295,-0.686075797561756295,0.000173409820471358
6,full_diag_l0,1882,0.686075797561756295,0.686075797561756295,0.686075797561756295,-0.686075797561756295,0.686075797561756295,-0.686075797561756295,0.686075797561756295,0.686075797561756295,-0.686075797561756295,-0.686075797561756295,0.686075797561756295,0.000173409820471358
6,full_diag_l0,1883,0.686075797561756295,0.686075797561756295,0.686075797561756295,-0.686075797561756295,0.686075797561756295,-0.686075797561756295,0.686075797561756295,0.686075797561756295,-0.686075797561756295,0.686075797561756295,-0.686075797561756295,0.000173409820471358
6,full_diag_l0,1884,0.686075797561756295,0.686075797561756295,0.686075797561756295,-0.686075797561756295,0.686075797561756295,-0.686075797561756295,0.686075797561756295,0.686075797561756295,-0.686075797561756295,0.686075797561756295,0.686075797561756295,0.000173409820471358
6,full_diag_l0,1885,0.686075797561756295,0.686075797561756295,0.686075797561756295,-0.686075797561756295,0.686075797561756295,-0.686075797561756295,0.686075797561756295,0.686075797561756295,0.686075797561756295,-0.686075797561756295,-0.686075797561756295,0.000173409820471358
6,full_diag_l0,1886,0.686075797561756295,0.686075797561756295,0.686075797561756295,-0.686075797561756295,0.686075797561756295,-0.686075797561756295,0.686075797561756295,0.686075797561756295,0.686075797561756295,-0.686075797561756295,0.686075797561756295,0.000173409820471358
6,full_diag_l0,1887,0.686075797561756295,0.686075797561756295,0.686075797561756295,-0.686075797561756295,0.686075797561756295,-0.686075797561756295,0.686075797561756295,0.686075797561756295,0.686075797561756295,0.686075797561756295,-0.686075797561756295,0.000173409820471358
6,full_diag_l0,1888,0.686075797561756295,0.686075797561756295,0.686075797561756295,-0.686075797561756295,0.686075797561756295,-0.686075797561756295,0.686075797561756295,0.686075797561756295,0.686075797561756295,0.686075797561756295,0.686075797561756295,0.000173409820471358
6,full_diag_l0,1889,0.686075797561756295,0.686075797561756295,0.686075797561756295,-0.686075797561756295,0.686075797561756295,0.686075797561756295,-0.686075797561756295,-0.686075797561756295,-0.686075797561756295,-0.686075797561756295,-0.686075797561756295,0.000173409820471358
6,full_diag_l0,1890,0.686075797561756295,0.686075797561756295,0.686075797561756295,-0.686075797561756295,0.686075797561756295,0.686075797561756295,-0.686075797561756295,-0.686075797561756295,-0.686075797561756295,-0.686075797561756295,0.686075797561756295,0.000173409820471358
6,full_diag_l0,1891,0.686075797561756295,0.686075797561756295,0.686075797561756295,-0.686075797561756295,0.686075797561756295,0.686075797561756295,-0.686075797561756295,-0.686075797561756295,-0.686075797561756295,0.686075797561756295,-0.686075797561756295,0.000173409820471358
6,full_diag_l0,1892,0.686075797561756295,0.686075797561756295,0.686075797561756295,-0.686075797561756295,0.686075797561756295,0.686075797561756295,-0.686075797561756295,-0.686075797561756295,-0.686075797561756295,0.686075797561756295,0.686075797561756295,0.000173409820471358
6,full_diag_l0,1893,0.686075797561756295,0.686075797561756295,0.686075797561756295,-0.686075797561756295,0.686075797561756295,0.686075797561756295,-0.686075797561756295,-0.686075797561756295,0.686075797561756295,-0.686075797561756295,-0.686075797561756295,0.000173409820471358
6,full_diag_l0,1894,0.686075797561756295,0.686075797561756295,0.686075797561756295,-0.686075797561756295,0.686075797561756295,0.686075797561756295,-0.686075797561756295,-0.686075797561756295,0.686075797561756295,-0.686075797561756295,0.686075797561756295,0.000173409820471358
6,full_diag_l0,1895,0.686075797561756295,0.686075797561756295,0.686075797561756295,-0.686075797561756295,0.686075797561756295,0.686075797561756295,-0.686075797561756295,-0.686075797561756295,0.686075797561756295,0.686075797561756295,-0.686075797561756295,0.000173409820471358
6,full_diag_l0,1896,0.686075797561756295,0.686075797561756295,0.686075797561756295,-0.686075797561756295,0.686075797561756295,0.686075797561756295,-0.686075797561756295,-0.686075797561756295,0.686075797561756295,0.686075797561756295,0.686075797561756295,0.000173409820471358
6,full_diag_l0,1897,0.686075797561756295,0.686075797561756295,0.686075797561756295,-0.686075797561756295,0.686075797561756295,0.686075797561756295,-0.686075797561756295,0.686075797561756295,-0.686075797561756295,-0.686075797561756295,-0.686075797561756295,0.000173409820471358
6,full_diag_l0,1898,0.686075797561756295,0.686075797561756295,0.686075797561756295,-0.686075797561756295,0.686075797561756295,0.686075797561756295,-0.686075797561756295,0.686075797561756295,-0.686075797561756295,-0.686075797561756295,0.686075797561756295,0.000173409820471358
6,full_diag_l0,1899,0.686075797561756295,0.686075797561756295,0.686075797561756295,-0.686075797561756295,0.686075797561756295,0.686075797561756295,-0.686075797561756295,0.686075797561756295,-0.686075797561756295,0.686075797561756295,-0.686075797561756295,0.000173409820471358
6,full_diag_l0,1900,0.686075797561756295,0.686075797561756295,0.686075797561756295,-0.686075797561756295,0.686075797561756295,0.686075797561756295,-0.686075797561756295,0.686075797561756295,-0.686075797561756295,0.686075797561756295,0.686075797561756295,0.000173409820471358
6,full_diag_l0,1901,0.686075797561756295,0.686075797561756295,0.686075797561756295,-0.686075797561756295,0.686075797561756295,0.686075797561756295,-0.686075797561756295,0.686075797561756295,0.686075797561756295,-0.686075797561756295,-0.686075797561756295,0.000173409820471358
6,full_diag_l0,1902,0.686075797561756295,0.686075797561756295,0.686075797561756295,-0.686075797561756295,0.686075797561756295,0.686075797561756295,-0.686075797561756295,0.686075797561756295,0.686075797561756295,-0.686075797561756295,0.686075797561756295,0.000173409820471358
6,full_diag_l0,1903,0.686075797561756295,0.686075797561756295,0.686075797561756295,-0.686075797561756295,0.686075797561756295,0.686075797561756295,-0.686075797561756295,0.686075797561756295,0.686075797561756295,0.686075797561756295,-0.686075797561756295,0.000173409820471358
6,full_diag_l0,1904,0.686075797561756295,0.686075797561756295,0.686075797561756295,-0.686075797561756295,0.686075797561756295,0.686075797561756295,-0.686075797561756295,0.686075797561756295,0.686075797561756295,0.686075797561756295,0.686075797561756295,0.000173409820471358
6,full_diag_l0,1905,0.686075797561756295,0.686075797561756295,0.686075797561756295,-0.686075797561756295,0.686075797561756295,0.686075797561756295,0.686075797561756295,-0.686075797561756295,-0.686075797561756295,-0.686075797561756295,-0.686075797561756295,0.000173409820471358
6,full_diag_l0,1906,0.686075797561756295,0.686075797561756295,0.686075797561756295,-0.686075797561756295,0.686075797561756295,0.686075797561756295,0.686075797561756295,-0.686075797561756295,-0.686075797561756295,-0.686075797561756295,0.686075797561756295,0.000173409820471358
6,full_diag_l0,1907,0.686075797561756295,0.686075797561756295,0.686075797561756295,-0.686075797561756295,0.686075797561756295,0.686075797561756295,0.686075797561756295,-0.686075797561756295,-0.686075797561756295,0.686075797561756295,-0.686075797561756295,0.000173409820471358
6,full_diag_l0,1908,0.686075797561756295,0.686075797561756295,0.686075797561756295,-0.686075797561756295,0.686075797561756295,0.686075797561756295,0.686075797561756295,-0.686075797561756295,-0.686075797561756295,0.686075797561756295,0.686075797561756295,0.000173409820471358
6,full_diag_l0,1909,0.686075797561756295,0.686075797561756295,0.686075797561756295,-0.686075797561756295,0.686075797561756295,0.686075797561756295,0.686075797561756295,-0.686075797561756295,0.686075797561756295,-0.686075797561756295,-0.686075797561756295,0.000173409820471358
6,full_diag_l0,1910,0.686075797561756295,0.686075797561756295,0.686075797561756295,-0.686075797561756295,0.686075797561756295,0.686075797561756295,0.686075797561756295,-0.686075797561756295,0.686075797561756295,-0.686075797561756295,0.686075797561756295,0.000173409820471358
6,full_diag_l0,1911,0.686075797561756295,0.686075797561756295,0.686075797561756295,-0.686075797561756295,0.686075797561756295,0.686075797561756295,0.686075797561756295,-0.686075797561756295,0.686075797561756295,0.686075797561756295,-0.686075797561756295,0.000173409820471358
6,full_diag_l0,1912,0.686075797561756295,0.686075797561756295,0.686075797561756295,-0.686075797561756295,0.686075797561756295,0.686075797561756295,0.686075797561756295,-0.686075797561756295,0.686075797561756295,0.686075797561756295,0.686075797561756295,0.000173409820471358
6,full_diag_l0,1913,0.686075797561756295,0.686075797561756295,0.686075797561756295,-0.686075797561756295,0.686075797561756295,0.686075797561756295,0.686075797561756295,0.686075797561756295,-0.686075797561756295,-0.686075797561756295,-0.686075797561756295,0.000173409820471358
6,full_diag_l0,1914,0.686075797561756295,0.686075797561756295,0.686075797561756295,-0.686075797561756295,0.686075797561756295,0.686075797561756295,0.686075797561756295,0.686075797561756295,-0.686075797561756295,-0.686075797561756295,0.686075797561756295,0.000173409820471358
6,full_diag_l0,1915,0.686075797561756295,0.686075797561756295,0.686075797561756295,-0.686075797561756295,0.686075797561756295,0.686075797561756295,0.686075797561756295,0.686075797561756295,-0.686075797561756295,0.686075797561756295,-0.686075797561756295,0.000173409820471358
6,full_diag_l0,1916,0.686075797561756295,0.686075797561756295,0.686075797561756295,-0.686075797561756295,0.686075797561756295,0.686075797561756295,0.686075797561756295,0.686075797561756295,-0.686075797561756295,0.686075797561756295,0.686075797561756295,0.000173409820471358
6,full_diag_l0,1917,0.686075797561756295,0.686075797561756295,0.686075797561756295,-0.686075797561756295,0.686075797561756295,0.686075797561756295,0.686075797561756295,0.686075797561756295,0.686075797561756295,-0.686075797561756295,-0.686075797561756295,0.000173409820471358
6,full_diag_l0,1918,0.686075797561756295,0.686075797561756295,0.686075797561756295,-0.686075797561756295,0.686075797561756295,0.686075797561756295,0.686075797561756295,0.686075797561756295,0.686075797561756295,-0.686075797561756295,0.686075797561756295,0.000173409820471358
6,full_diag_l0,1919,0.686075797561756295,0.686075797561756295,0.686075797561756295,-0.686075797561756295,0.686075797561756295,0.686075797561756295,0.686075797561756295,0.686075797561756295,0.686075797561756295,0.686075797561756295,-0.686075797561756295,0.000173409820471358
6,full_diag_l0,1920,0.686075797561756295,0.686075797561756295,0.686075797561756295,-0.686075797561756295,0.686075797561756295,0.686075797561756295,0.686075797561756295,0.686075797561756295,0.686075797561756295,0.686075797561756295,0.686075797561756295,0.000173409820471358
6,full_diag_l0,1921,0.686075797561756295,0.686075797561756295,0.686075797561756295,0.686075797561756295,-0.686075797561756295,-0.686075797561756295,-0.686075797561756295,-0.686075797561756295,-0.686075797561756295,-0.686075797561756295,-0.686075797561756295,0.000173409820471358
6,full_diag_l0,1922,0.686075797561756295,0.686075797561756295,0.686075797561756295,0.686075797561756295,-0.686075797561756295,-0.686075797561756295,-0.686075797561756295,-0.686075797561756295,-0.686075797561756295,-0.686075797561756295,0.686075797561756295,0.000173409820471358
6,full_diag_l0,1923,0.686075797561756295,0.686075797561756295,0.686075797561756295,0.686075797561756295,-0.686075797561756295,-0.686075797561756295,-0.686075797561756295,-0.686075797561756295,-0.686075797561756295,0.686075797561756295,-0.686075797561756295,0.000173409820471358
6,full_diag_l0,1924,0.686075797561756295,0.686075797561756295,0.686075797561756295,0.686075797561756295,-0.686075797561756295,-0.686075797561756295,-0.686075797561756295,-0.686075797561756295,-0.686075797561756295,0.686075797561756295,0.686075797561756295,0.000173409820471358
6,full_diag_l0,1925,0.686075797561756295,0.686075797561756295,0.686075797561756295,0.686075797561756295,-0.686075797561756295,-0.686075797561756295,-0.686075797561756295,-0.686075797561756295,0.686075797561756295,-0.686075797561756295,-0.686075797561756295,0.000173409820471358
6,full_diag_l0,1926,0.686075797561756295,0.686075797561756295,0.686075797561756295,0.686075797561756295,-0.686075797561756295,-0.686075797561756295,-0.686075797561756295,-0.686075797561756295,0.686075797561756295,-0.686075797561756295,0.686075797561756295,0.000173409820471358
6,full_diag_l0,1927,0.686075797561756295,0.686075797561756295,0.686075797561756295,0.686075797561756295,-0.686075797561756295,-0.686075797561756295,-0.686075797561756295,-0.686075797561756295,0.686075797561756295,0.686075797561756295,-0.686075797561756295,0.000173409820471358
6,full_diag_l0,1928,0.686075797561756295,0.686075797561756295,0.686075797561756295,0.686075797561756295,-0.686075797561756295,-0.686075797561756295,-0.686075797561756295,-0.686075797561756295,0.686075797561756295,0.686075797561756295,0.686075797561756295,0.000173409820471358
6,full_diag_l0,1929,0.686075797561756295,0.686075797561756295,0.686075797561756295,0.686075797561756295,-0.686075797561756295,-0.686075797561756295,-0.686075797561756295,0.686075797561756295,-0.686075797561756295,-0.686075797561756295,-0.686075797561756295,0.000173409820471358
6,full_diag_l0,1930,0.686075797561756295,0.686075797561756295,0.686075797561756295,0.686075797561756295,-0.686075797561756295,-0.686075797561756295,-0.686075797561756295,0.686075797561756295,-0.686075797561756295,-0.686075797561756295,0.686075797561756295,0.000173409820471358
6,full_diag_l0,1931,0.686075797561756295,0.686075797561756295,0.686075797561756295,0.686075797561756295,-0.686075797561756295,-0.686075797561756295,-0.686075797561756295,0.686075797561756295,-0.686075797561756295,0.686075797561756295,-0.686075797561756295,0.000173409820471358
6,full_diag_l0,1932,0.686075797561756295,0.686075797561756295,0.686075797561756295,0.686075797561756295,-0.686075797561756295,-0.686075797561756295,-0.686075797561756295,0.686075797561756295,-0.686075797561756295,0.686075797561756295,0.686075797561756295,0.000173409820471358
6,full_diag_l0,1933,0.686075797561756295,0.686075797561756295,0.686075797561756295,0.686075797561756295,-0.686075797561756295,-0.686075797561756295,-0.686075797561756295,0.686075797561756295,0.686075797561756295,-0.686075797561756295,-0.686075797561756295,0.000173409820471358
6,full_diag_l0,1934,0.686075797561756295,0.686075797561756295,0.686075797561756295,0.686075797561756295,-0.686075797561756295,-0.686075797561756295,-0.686075797561756295,0.686075797561756295,0.686075797561756295,-0.686075797561756295,0.686075797561756295,0.000173409820471358
6,full_diag_l0,1935,0.686075797561756295,0.686075797561756295,0.686075797561756295,0.686075797561756295,-0.686075797561756295,-0.686075797561756295,-0.686075797561756295,0.686075797561756295,0.686075797561756295,0.686075797561756295,-0.686075797561756295,0.000173409820471358
6,full_diag_l0,1936,0.686075797561756295,0.686075797561756295,0.686075797561756295,0.686075797561756295,-0.686075797561756295,-0.686075797561756295,-0.686075797561756295,0.686075797561756295,0.686075797561756295,0.686075797561756295,0.686075797561756295,0.000173409820471358
6,full_diag_l0,1937,0.686075797561756295,0.686075797561756295,0.686075797561756295,0.686075797561756295,-0.686075797561756295,-0.686075797561756295,0.686075797561756295,-0.686075797561756295,-0.686075797561756295,-0.686075797561756295,-0.686075797561756295,0.000173409820471358
6,full_diag_l0,1938,0.686075797561756295,0.686075797561756295,0.686075797561756295,0.686075797561756295,-0.686075797561756295,-0.686075797561756295,0.686075797561756295,-0.686075797561756295,-0.686075797561756295,-0.686075797561756295,0.686075797561756295,0.000173409820471358
6,full_diag_l0,1939,0.686075797561756295,0.686075797561756295,0.686075797561756295,0.686075797561756295,-0.686075797561756295,-0.686075797561756295,0.686075797561756295,-0.686075797561756295,-0.686075797561756295,0.686075797561756295,-0.686075797561756295,0.000173409820471358
6,full_diag_l0,1940,0.686075797561756295,0.686075797561756295,0.686075797561756295,0.686075797561756295,-0.686075797561756295,-0.686075797561756295,0.686075797561756295,-0.686075797561756295,-0.686075797561756295,0.686075797561756295,0.686075797561756295,0.000173409820471358
6,full_diag_l0,1941,0.686075797561756295,0.686075797561756295,0.686075797561756295,0.686075797561756295,-0.686075797561756295,-0.686075797561756295,0.686075797561756295,-0.686075797561756295,0.686075797561756295,-0.686075797561756295,-0.686075797561756295,0.000173409820471358
6,full_diag_l0,1942,0.686075797561756295,0.686075797561756295,0.686075797561756295,0.686075797561756295,-0.686075797561756295,-0.686075797561756295,0.686075797561756295,-0.686075797561756295,0.686075797561756295,-0.686075797561756295,0.686075797561756295,0.000173409820471358
6,full_diag_l0,1943,0.686075797561756295,0.686075797561756295,0.686075797561756295,0.686075797561756295,-0.686075797561756295,-0.686075797561756295,0.686075797561756295,-0.686075797561756295,0.686075797561756295,0.686075797561756295,-0.686075797561756295,0.000173409820471358
6,full_diag_l0,1944,0.686075797561756295,0.686075797561756295,0.686075797561756295,0.686075797561756295,-0.686075797561756295,-0.686075797561756295,0.686075797561756295,-0.686075797561756295,0.686075797561756295,0.686075797561756295,0.686075797561756295,0.000173409820471358
6,full_diag_l0,1945,0.686075797561756295,0.686075797561756295,0.686075797561756295,0.686075797561756295,-0.686075797561756295,-0.686075797561756295,0.686075797561756295,0.686075797561756295,-0.686075797561756295,-0.686075797561756295,-0.686075797561756295,0.000173409820471358
6,full_diag_l0,1946,0.686075797561756295,0.686075797561756295,0.686075797561756295,0.686075797561756295,-0.686075797561756295,-0.686075797561756295,0.686075797561756295,0.686075797561756295,-0.686075797561756295,-0.686075797561756295,0.686075797561756295,0.000173409820471358
6,full_diag_l0,1947,0.686075797561756295,0.686075797561756295,0.686075797561756295,0.686075797561756295,-0.686075797561756295,-0.686075797561756295,0.686075797561756295,0.686075797561756295,-0.686075797561756295,0.686075797561756295,-0.686075797561756295,0.000173409820471358
6,full_diag_l0,1948,0.686075797561756295,0.686075797561756295,0.686075797561756295,0.686075797561756295,-0.686075797561756295,-0.686075797561756295,0.686075797561756295,0.686075797561756295,-0.686075797561756295,0.686075797561756295,0.686075797561756295,0.000173409820471358
6,full_diag_l0,1949,0.686075797561756295,0.686075797561756295,0.686075797561756295,0.686075797561756295,-0.686075797561756295,-0.686075797561756295,0.686075797561756295,0.686075797561756295,0.686075797561756295,-0.686075797561756295,-0.686075797561756295,0.000173409820471358
6,full_diag_l0,1950,0.686075797561756295,0.686075797561756295,0.686075797561756295,0.686075797561756295,-0.686075797561756295,-0.686075797561756295,0.686075797561756295,0.686075797561756295,0.686075797561756295,-0.686075797561756295,0.686075797561756295,0.000173409820471358
6,full_diag_l0,1951,0.686075797561756295,0.686075797561756295,0.686075797561756295,0.686075797561756295,-0.686075797561756295,-0.686075797561756295,0.686075797561756295,0.686075797561756295,0.686075797561756295,0.686075797561756295,-0.686075797561756295,0.000173409820471358
6,full_diag_l0,1952,0.686075797561756295,0.686075797561756295,0.686075797561756295,0.686075797561756295,-0.686075797561756295,-0.686075797561756295,0.686075797561756295,0.686075797561756295,0.686075797561756295,0.686075797561756295,0.686075797561756295,0.000173409820471358
6,full_diag_l0,1953,0.686075797561756295,0.686075797561756295,0.686075797561756295,0.686075797561756295,-0.686075797561756295,0.686075797561756295,-0.686075797561756295,-0.686075797561756295,-0.686075797561756295,-0.686075797561756295,-0.686075797561756295,0.000173409820471358
6,full_diag_l0,1954,0.686075797561756295,0.686075797561756295,0.686075797561756295,0.686075797561756295,-0.686075797561756295,0.686075797561756295,-0.686075797561756295,-0.686075797561756295,-0.686075797561756295,-0.686075797561756295,0.686075797561756295,0.000173409820471358
6,full_diag_l0,1955,0.686075797561756295,0.686075797561756295,0.686075797561756295,0.686075797561756295,-0.686075797561756295,0.686075797561756295,-0.686075797561756295,-0.686075797561756295,-0.686075797561756295,0.686075797561756295,-0.686075797561756295,0.000173409820471358
6,full_diag_l0,1956,0.686075797561756295,0.686075797561756295,0.686075797561756295,0.686075797561756295,-0.686075797561756295,0.686075797561756295,-0.686075797561756295,-0.686075797561756295,-0.686075797561756295,0.686075797561756295,0.686075797561756295,0.000173409820471358
6,full_diag_l0,1957,0.686075797561756295,0.686075797561756295,0.686075797561756295,0.686075797561756295,-0.686075797561756295,0.686075797561756295,-0.686075797561756295,-0.686075797561756295,0.686075797561756295,-0.686075797561756295,-0.686075797561756295,0.000173409820471358
6,full_diag_l0,1958,0.686075797561756295,0.686075797561756295,0.686075797561756295,0.686075797561756295,-0.686075797561756295,0.686075797561756295,-0.686075797561756295,-0.686075797561756295,0.686075797561756295,-0.686075797561756295,0.686075797561756295,0.000173409820471358
6,full_diag_l0,1959,0.686075797561756295,0.686075797561756295,0.686075797561756295,0.686075797561756295,-0.686075797561756295,0.686075797561756295,-0.686075797561756295,-0.686075797561756295,0.686075797561756295,0.686075797561756295,-0.686075797561756295,0.000173409820471358
6,full_diag_l0,1960,0.686075797561756295,0.686075797561756295,0.686075797561756295,0.686075797561756295,-0.686075797561756295,0.686075797561756295,-0.686075797561756295,-0.686075797561756295,0.686075797561756295,0.686075797561756295,0.686075797561756295,0.000173409820471358
6,full_diag_l0,1961,0.686075797561756295,0.686075797561756295,0.686075797561756295,0.686075797561756295,-0.686075797561756295,0.686075797561756295,-0.686075797561756295,0.686075797561756295,-0.686075797561756295,-0.686075797561756295,-0.686075797561756295,0.000173409820471358
6,full_diag_l0,1962,0.686075797561756295,0.686075797561756295,0.686075797561756295,0.686075797561756295,-0.686075797561756295,0.686075797561756295,-0.686075797561756295,0.686075797561756295,-0.686075797561756295,-0.686075797561756295,0.686075797561756295,0.000173409820471358
6,full_diag_l0,1963,0.686075797561756295,0.686075797561756295,0.686075797561756295,0.686075797561756295,-0.686075797561756295,0.686075797561756295,-0.686075797561756295,0.686075797561756295,-0.686075797561756295,0.686075797561756295,-0.686075797561756295,0.000173409820471358
6,full_diag_l0,1964,0.686075797561756295,0.686075797561756295,0.686075797561756295,0.686075797561756295,-0.686075797561756295,0.686075797561756295,-0.686075797561756295,0.686075797561756295,-0.686075797561756295,0.686075797561756295,0.686075797561756295,0.000173409820471358
6,full_diag_l0,1965,0.686075797561756295,0.686075797561756295,0.686075797561756295,0.686075797561756295,-0.686075797561756295,0.686075797561756295,-0.686075797561756295,0.686075797561756295,0.686075797561756295,-0.686075797561756295,-0.686075797561756295,0.000173409820471358
6,full_diag_l0,1966,0.686075797561756295,0.686075797561756295,0.686075797561756295,0.686075797561756295,-0.686075797561756295,0.686075797561756295,-0.686075797561756295,0.686075797561756295,0.686075797561756295,-0.686075797561756295,0.686075797561756295,0.000173409820471358
6,full_diag_l0,1967,0.686075797561756295,0.686075797561756295,0.686075797561756295,0.686075797561756295,-0.686075797561756295,0.686075797561756295,-0.686075797561756295,0.686075797561756295,0.686075797561756295,0.686075797561756295,-0.686075797561756295,0.000173409820471358
6,full_diag_l0,1968,0.686075797561756295,0.686075797561756295,0.686075797561756295,0.686075797561756295,-0.686075797561756295,0.686075797561756295,-0.686075797561756295,0.686075797561756295,0.686075797561756295,0.686075797561756295,0.686075797561756295,0.000173409820471358
6,full_diag_l0,1969,0.686075797561756295,0.686075797561756295,0.686075797561756295,0.686075797561756295,-0.686075797561756295,0.686075797561756295,0.686075797561756295,-0.686075797561756295,-0.686075797561756295,-0.686075797561756295,-0.686075797561756295,0.000173409820471358
6,full_diag_l0,1970,0.686075797561756295,0.686075797561756295,0.686075797561756295,0.686075797561756295,-0.686075797561756295,0.686075797561756295,0.686075797561756295,-0.686075797561756295,-0.686075797561756295,-0.686075797561756295,0.686075797561756295,0.000173409820471358
6,full_diag_l0,1971,0.686075797561756295,0.686075797561756295,0.686075797561756295,0.686075797561756295,-0.686075797561756295,0.686075797561756295,0.686075797561756295,-0.686075797561756295,-0.686075797561756295,0.686075797561756295,-0.686075797561756295,0.000173409820471358
6,full_diag_l0,1972,0.686075797561756295,0.686075797561756295,0.686075797561756295,0.686075797561756295,-0.686075797561756295,0.686075797561756295,0.686075797561756295,-0.686075797561756295,-0.686075797561756295,0.686075797561756295,0.686075797561756295,0.000173409820471358
6,full_diag_l0,1973,0.686075797561756295,0.686075797561756295,0.686075797561756295,0.686075797561756295,-0.686075797561756295,0.686075797561756295,0.686075797561756295,-0.686075797561756295,0.686075797561756295,-0.686075797561756295,-0.686075797561756295,0.000173409820471358
6,full_diag_l0,1974,0.686075797561756295,0.686075797561756295,0.686075797561756295,0.686075797561756295,-0.686075797561756295,0.686075797561756295,0.686075797561756295,-0.686075797561756295,0.686075797561756295,-0.686075797561756295,0.686075797561756295,0.000173409820471358
6,full_diag_l0,1975,0.686075797561756295,0.686075797561756295,0.686075797561756295,0.686075797561756295,-0.686075797561756295,0.686075797561756295,0.686075797561756295,-0.686075797561756295,0.686075797561756295,0.686075797561756295,-0.686075797561756295,0.000173409820471358
6,full_diag_l0,1976,0.686075797561756295,0.686075797561756295,0.686075797561756295,0.686075797561756295,-0.686075797561756295,0.686075797561756295,0.686075797561756295,-0.686075797561756295,0.686075797561756295,0.686075797561756295,0.686075797561756295,0.000173409820471358
6,full_diag_l0,1977,0.686075797561756295,0.686075797561756295,0.686075797561756295,0.686075797561756295,-0.686075797561756295,0.686075797561756295,0.686075797561756295,0.686075797561756295,-0.686075797561756295,-0.686075797561756295,-0.686075797561756295,0.000173409820471358
6,full_diag_l0,1978,0.686075797561756295,0.686075797561756295,0.686075797561756295,0.686075797561756295,-0.686075797561756295,0.686075797561756295,0.686075797561756295,0.686075797561756295,-0.686075797561756295,-0.686075797561756295,0.686075797561756295,0.000173409820471358
6,full_diag_l0,1979,0.686075797561756295,0.686075797561756295,0.686075797561756295,0.686075797561756295,-0.686075797561756295,0.686075797561756295,0.686075797561756295,0.686075797561756295,-0.686075797561756295,0.686075797561756295,-0.686075797561756295,0.000173409820471358
6,full_diag_l0,1980,0.686075797561756295,0.686075797561756295,0.686075797561756295,0.686075797561756295,-0.686075797561756295,0.686075797561756295,0.686075797561756295,0.686075797561756295,-0.686075797561756295,0.686075797561756295,0.686075797561756295,0.000173409820471358
6,full_diag_l0,1981,0.686075797561756295,0.686075797561756295,0.686075797561756295,0.686075797561756295,-0.686075797561756295,0.686075797561756295,0.686075797561756295,0.686075797561756295,0.686075797561756295,-0.686075797561756295,-0.686075797561756295,0.000173409820471358
6,full_diag_l0,1982,0.686075797561756295,0.686075797561756295,0.686075797561756295,0.686075797561756295,-0.686075797561756295,0.686075797561756295,0.686075797561756295,0.686075797561756295,0.686075797561756295,-0.686075797561756295,0.686075797561756295,0.000173409820471358
6,full_diag_l0,1983,0.686075797561756295,0.686075797561756295,0.686075797561756295,0.686075797561756295,-0.686075797561756295,0.686075797561756295,0.686075797561756295,0.686075797561756295,0.686075797561756295,0.686075797561756295,-0.686075797561756295,0.000173409820471358
6,full_diag_l0,1984,0.686075797561756295,0.686075797561756295,0.686075797561756295,0.686075797561756295,-0.686075797561756295,0.686075797561756295,0.686075797561756295,0.686075797561756295,0.686075797561756295,0.686075797561756295,0.686075797561756295,0.000173409820471358
6,full_diag_l0,1985,0.686075797561756295,0.686075797561756295,0.686075797561756295,0.686075797561756295,0.686075797561756295,-0.686075797561756295,-0.686075797561756295,-0.686075797561756295,-0.686075797561756295,-0.686075797561756295,-0.686075797561756295,0.000173409820471358
6,full_diag_l0,1986,0.686075797561756295,0.686075797561756295,0.686075797561756295,0.686075797561756295,0.686075797561756295,-0.686075797561756295,-0.686075797561756295,-0.686075797561756295,-0.686075797561756295,-0.686075797561756295,0.686075797561756295,0.000173409820471358
6,full_diag_l0,1987,0.686075797561756295,0.686075797561756295,0.686075797561756295,0.686075797561756295,0.686075797561756295,-0.686075797561756295,-0.686075797561756295,-0.686075797561756295,-0.686075797561756295,0.686075797561756295,-0.686075797561756295,0.000173409820471358
6,full_diag_l0,1988,0.686075797561756295,0.686075797561756295,0.686075797561756295,0.686075797561756295,0.686075797561756295,-0.686075797561756295,-0.686075797561756295,-0.686075797561756295,-0.686075797561756295,0.686075797561756295,0.686075797561756295,0.000173409820471358
6,full_diag_l0,1989,0.686075797561756295,0.686075797561756295,0.686075797561756295,0.686075797561756295,0.686075797561756295,-0.686075797561756295,-0.686075797561756295,-0.686075797561756295,0.686075797561756295,-0.686075797561756295,-0.686075797561756295,0.000173409820471358
6,full_diag_l0,1990,0.686075797561756295,0.686075797561756295,0.686075797561756295,0.686075797561756295,0.686075797561756295,-0.686075797561756295,-0.686075797561756295,-0.686075797561756295,0.686075797561756295,-0.686075797561756295,0.686075797561756295,0.000173409820471358
6,full_diag_l0,1991,0.686075797561756295,0.686075797561756295,0.686075797561756295,0.686075797561756295,0.686075797561756295,-0.686075797561756295,-0.686075797561756295,-0.686075797561756295,0.686075797561756295,0.686075797561756295,-0.686075797561756295,0.000173409820471358
6,full_diag_l0,1992,0.686075797561756295,0.686075797561756295,0.686075797561756295,0.686075797561756295,0.686075797561756295,-0.686075797561756295,-0.686075797561756295,-0.686075797561756295,0.686075797561756295,0.686075797561756295,0.686075797561756295,0.000173409820471358
6,full_diag_l0,1993,0.686075797561756295,0.686075797561756295,0.686075797561756295,0.686075797561756295,0.686075797561756295,-0.686075797561756295,-0.686075797561756295,0.686075797561756295,-0.686075797561756295,-0.686075797561756295,-0.686075797561756295,0.000173409820471358
6,full_diag_l0,1994,0.686075797561756295,0.686075797561756295,0.686075797561756295,0.686075797561756295,0.686075797561756295,-0.686075797561756295,-0.686075797561756295,0.686075797561756295,-0.686075797561756295,-0.686075797561756295,0.686075797561756295,0.000173409820471358
6,full_diag_l0,1995,0.686075797561756295,0.686075797561756295,0.686075797561756295,0.686075797561756295,0.686075797561756295,-0.686075797561756295,-0.686075797561756295,0.686075797561756295,-0.686075797561756295,0.686075797561756295,-0.686075797561756295,0.000173409820471358
6,full_diag_l0,1996,0.686075797561756295,0.686075797561756295,0.686075797561756295,0.686075797561756295,0.686075797561756295,-0.686075797561756295,-0.686075797561756295,0.686075797561756295,-0.686075797561756295,0.686075797561756295,0.686075797561756295,0.000173409820471358
6,full_diag_l0,1997,0.686075797561756295,0.686075797561756295,0.686075797561756295,0.686075797561756295,0.686075797561756295,-0.686075797561756295,-0.686075797561756295,0.686075797561756295,0.686075797561756295,-0.686075797561756295,-0.686075797561756295,0.000173409820471358
6,full_diag_l0,1998,0.686075797561756295,0.686075797561756295,0.686075797561756295,0.686075797561756295,0.686075797561756295,-0.686075797561756295,-0.686075797561756295,0.686075797561756295,0.686075797561756295,-0.686075797561756295,0.686075797561756295,0.000173409820471358
6,full_diag_l0,1999,0.686075797561756295,0.686075797561756295,0.686075797561756295,0.686075797561756295,0.686075797561756295,-0.686075797561756295,-0.686075797561756295,0.686075797561756295,0.686075797561756295,0.686075797561756295,-0.686075797561756295,0.000173409820471358
6,full_diag_l0,2000,0.686075797561756295,0.686075797561756295,0.686075797561756295,0.686075797561756295,0.686075797561756295,-0.686075797561756295,-0.686075797561756295,0.686075797561756295,0.686075797561756295,0.686075797561756295,0.686075797561756295,0.000173409820471358
6,full_diag_l0,2001,0.686075797561756295,0.686075797561756295,0.686075797561756295,0.686075797561756295,0.686075797561756295,-0.686075797561756295,0.686075797561756295,-0.686075797561756295,-0.686075797561756295,-0.686075797561756295,-0.686075797561756295,0.000173409820471358
6,full_diag_l0,2002,0.686075797561756295,0.686075797561756295,0.686075797561756295,0.686075797561756295,0.686075797561756295,-0.686075797561756295,0.686075797561756295,-0.686075797561756295,-0.686075797561756295,-0.686075797561756295,0.686075797561756295,0.000173409820471358
6,full_diag_l0,2003,0.686075797561756295,0.686075797561756295,0.686075797561756295,0.686075797561756295,0.686075797561756295,-0.686075797561756295,0.686075797561756295,-0.686075797561756295,-0.686075797561756295,0.686075797561756295,-0.686075797561756295,0.000173409820471358
6,full_diag_l0,2004,0.686075797561756295,0.686075797561756295,0.686075797561756295,0.686075797561756295,0.686075797561756295,-0.686075797561756295,0.686075797561756295,-0.686075797561756295,-0.686075797561756295,0.686075797561756295,0.686075797561756295,0.000173409820471358
6,full_diag_l0,2005,0.686075797561756295,0.686075797561756295,0.686075797561756295,0.686075797561756295,0.686075797561756295,-0.686075797561756295,0.686075797561756295,-0.686075797561756295,0.686075797561756295,-0.686075797561756295,-0.686075797561756295,0.000173409820471358
6,full_diag_l0,2006,0.686075797561756295,0.686075797561756295,0.686075797561756295,0.686075797561756295,0.686075797561756295,-0.686075797561756295,0.686075797561756295,-0.686075797561756295,0.686075797561756295,-0.686075797561756295,0.686075797561756295,0.000173409820471358
6,full_diag_l0,2007,0.686075797561756295,0.686075797561756295,0.686075797561756295,0.686075797561756295,0.686075797561756295,-0.686075797561756295,0.686075797561756295,-0.686075797561756295,0.686075797561756295,0.686075797561756295,-0.686075797561756295,0.000173409820471358
6,full_diag_l0,2008,0.686075797561756295,0.686075797561756295,0.686075797561756295,0.686075797561756295,0.686075797561756295,-0.686075797561756295,0.686075797561756295,-0.686075797561756295,0.686075797561756295,0.686075797561756295,0.686075797561756295,0.000173409820471358
6,full_diag_l0,2009,0.686075797561756295,0.686075797561756295,0.686075797561756295,0.686075797561756295,0.686075797561756295,-0.686075797561756295,0.686075797561756295,0.686075797561756295,-0.686075797561756295,-0.686075797561756295,-0.686075797561756295,0.000173409820471358
6,full_diag_l0,2010,0.686075797561756295,0.686075797561756295,0.686075797561756295,0.686075797561756295,0.686075797561756295,-0.686075797561756295,0.686075797561756295,0.686075797561756295,-0.686075797561756295,-0.686075797561756295,0.686075797561756295,0.000173409820471358
6,full_diag_l0,2011,0.686075797561756295,0.686075797561756295,0.686075797561756295,0.686075797561756295,0.686075797561756295,-0.686075797561756295,0.686075797561756295,0.686075797561756295,-0.686075797561756295,0.686075797561756295,-0.686075797561756295,0.000173409820471358
6,full_diag_l0,2012,0.686075797561756295,0.686075797561756295,0.686075797561756295,0.686075797561756295,0.686075797561756295,-0.686075797561756295,0.686075797561756295,0.686075797561756295,-0.686075797561756295,0.686075797561756295,0.686075797561756295,0.000173409820471358
6,full_diag_l0,2013,0.686075797561756295,0.686075797561756295,0.686075797561756295,0.686075797561756295,0.686075797561756295,-0.686075797561756295,0.686075797561756295,0.686075797561756295,0.686075797561756295,-0.686075797561756295,-0.686075797561756295,0.000173409820471358
6,full_diag_l0,2014,0.686075797561756295,0.686075797561756295,0.686075797561756295,0.686075797561756295,0.686075797561756295,-0.686075797561756295,0.686075797561756295,0.686075797561756295,0.686075797561756295,-0.686075797561756295,0.686075797561756295,0.000173409820471358
6,full_diag_l0,2015,0.686075797561756295,0.686075797561756295,0.686075797561756295,0.686075797561756295,0.686075797561756295,-0.686075797561756295,0.686075797561756295,0.686075797561756295,0.686075797561756295,0.686075797561756295,-0.686075797561756295,0.000173409820471358
6,full_diag_l0,2016,0.686075797561756295,0.686075797561756295,0.686075797561756295,0.686075797561756295,0.686075797561756295,-0.686075797561756295,0.686075797561756295,0.686075797561756295,0.686075797561756295,0.686075797561756295,0.686075797561756295,0.000173409820471358
6,full_diag_l0,2017,0.686075797561756295,0.686075797561756295,0.686075797561756295,0.686075797561756295,0.686075797561756295,0.686075797561756295,-0.686075797561756295,-0.686075797561756295,-0.686075797561756295,-0.686075797561756295,-0.686075797561756295,0.000173409820471358
6,full_diag_l0,2018,0.686075797561756295,0.686075797561756295,0.686075797561756295,0.686075797561756295,0.686075797561756295,0.686075797561756295,-0.686075797561756295,-0.686075797561756295,-0.686075797561756295,-0.686075797561756295,0.686075797561756295,0.000173409820471358
6,full_diag_l0,2019,0.686075797561756295,0.686075797561756295,0.686075797561756295,0.686075797561756295,0.686075797561756295,0.686075797561756295,-0.686075797561756295,-0.686075797561756295,-0.686075797561756295,0.686075797561756295,-0.686075797561756295,0.000173409820471358
6,full_diag_l0,2020,0.686075797561756295,0.686075797561756295,0.686075797561756295,0.686075797561756295,0.686075797561756295,0.686075797561756295,-0.686075797561756295,-0.686075797561756295,-0.686075797561756295,0.686075797561756295,0.686075797561756295,0.000173409820471358
6,full_diag_l0,2021,0.686075797561756295,0.686075797561756295,0.686075797561756295,0.686075797561756295,0.686075797561756295,0.686075797561756295,-0.686075797561756295,-0.686075797561756295,0.686075797561756295,-0.686075797561756295,-0.686075797561756295,0.000173409820471358
6,full_diag_l0,2022,0.686075797561756295,0.686075797561756295,0.686075797561756295,0.686075797561756295,0.686075797561756295,0.686075797561756295,-0.686075797561756295,-0.686075797561756295,0.686075797561756295,-0.686075797561756295,0.686075797561756295,0.000173409820471358
6,full_diag_l0,2023,0.686075797561756295,0.686075797561756295,0.686075797561756295,0.686075797561756295,0.686075797561756295,0.686075797561756295,-0.686075797561756295,-0.686075797561756295,0.686075797561756295,0.686075797561756295,-0.686075797561756295,0.000173409820471358
6,full_diag_l0,2024,0.686075797561756295,0.686075797561756295,0.686075797561756295,0.686075797561756295,0.686075797561756295,0.686075797561756295,-0.686075797561756295,-0.686075797561756295,0.686075797561756295,0.686075797561756295,0.686075797561756295,0.000173409820471358
6,full_diag_l0,2025,0.686075797561756295,0.686075797561756295,0.686075797561756295,0.686075797561756295,0.686075797561756295,0.686075797561756295,-0.686075797561756295,0.686075797561756295,-0.686075797561756295,-0.686075797561756295,-0.686075797561756295,0.000173409820471358
6,full_diag_l0,2026,0.686075797561756295,0.686075797561756295,0.686075797561756295,0.686075797561756295,0.686075797561756295,0.686075797561756295,-0.686075797561756295,0.686075797561756295,-0.686075797561756295,-0.686075797561756295,0.686075797561756295,0.000173409820471358
6,full_diag_l0,2027,0.686075797561756295,0.686075797561756295,0.686075797561756295,0.686075797561756295,0.686075797561756295,0.686075797561756295,-0.686075797561756295,0.686075797561756295,-0.686075797561756295,0.686075797561756295,-0.686075797561756295,0.000173409820471358
6,full_diag_l0,2028,0.686075797561756295,0.686075797561756295,0.686075797561756295,0.686075797561756295,0.686075797561756295,0.686075797561756295,-0.686075797561756295,0.686075797561756295,-0.686075797561756295,0.686075797561756295,0.686075797561756295,0.000173409820471358
6,full_diag_l0,2029,0.686075797561756295,0.686075797561756295,0.686075797561756295,0.686075797561756295,0.686075797561756295,0.686075797561756295,-0.686075797561756295,0.686075797561756295,0.686075797561756295,-0.686075797561756295,-0.686075797561756295,0.000173409820471358
6,full_diag_l0,2030,0.686075797561756295,0.686075797561756295,0.686075797561756295,0.686075797561756295,0.686075797561756295,0.686075797561756295,-0.686075797561756295,0.686075797561756295,0.686075797561756295,-0.686075797561756295,0.686075797561756295,0.000173409820471358
6,full_diag_l0,2031,0.686075797561756295,0.686075797561756295,0.686075797561756295,0.686075797561756295,0.686075797561756295,0.686075797561756295,-0.686075797561756295,0.686075797561756295,0.686075797561756295,0.686075797561756295,-0.686075797561756295,0.000173409820471358
6,full_diag_l0,2032,0.686075797561756295,0.686075797561756295,0.686075797561756295,0.686075797561756295,0.686075797561756295,0.686075797561756295,-0.686075797561756295,0.686075797561756295,0.686075797561756295,0.686075797561756295,0.686075797561756295,0.000173409820471358
6,full_diag_l0,2033,0.686075797561756295,0.686075797561756295,0.686075797561756295,0.686075797561756295,0.686075797561756295,0.686075797561756295,0.686075797561756295,-0.686075797561756295,-0.686075797561756295,-0.686075797561756295,-0.686075797561756295,0.000173409820471358
6,full_diag_l0,2034,0.686075797561756295,0.686075797561756295,0.686075797561756295,0.686075797561756295,0.686075797561756295,0.686075797561756295,0.686075797561756295,-0.686075797561756295,-0.686075797561756295,-0.686075797561756295,0.686075797561756295,0.000173409820471358
6,full_diag_l0,2035,0.686075797561756295,0.686075797561756295,0.686075797561756295,0.686075797561756295,0.686075797561756295,0.686075797561756295,0.686075797561756295,-0.686075797561756295,-0.686075797561756295,0.686075797561756295,-0.686075797561756295,0.000173409820471358
6,full_diag_l0,2036,0.686075797561756295,0.686075797561756295,0.686075797561756295,0.686075797561756295,0.686075797561756295,0.686075797561756295,0.686075797561756295,-0.686075797561756295,-0.686075797561756295,0.686075797561756295,0.686075797561756295,0.000173409820471358
6,full_diag_l0,2037,0.686075797561756295,0.686075797561756295,0.686075797561756295,0.686075797561756295,0.686075797561756295,0.686075797561756295,0.686075797561756295,-0.686075797561756295,0.686075797561756295,-0.686075797561756295,-0.686075797561756295,0.000173409820471358
6,full_diag_l0,2038,0.686075797561756295,0.686075797561756295,0.686075797561756295,0.686075797561756295,0.686075797561756295,0.686075797561756295,0.686075797561756295,-0.686075797561756295,0.686075797561756295,-0.686075797561756295,0.686075797561756295,0.000173409820471358
6,full_diag_l0,2039,0.686075797561756295,0.686075797561756295,0.686075797561756295,0.686075797561756295,0.686075797561756295,0.686075797561756295,0.686075797561756295,-0.686075797561756295,0.686075797561756295,0.686075797561756295,-0.686075797561756295,0.000173409820471358
6,full_diag_l0,2040,0.686075797561756295,0.686075797561756295,0.686075797561756295,0.686075797561756295,0.686075797561756295,0.686075797561756295,0.686075797561756295,-0.686075797561756295,0.686075797561756295,0.686075797561756295,0.686075797561756295,0.000173409820471358
6,full_diag_l0,2041,0.686075797561756295,0.686075797561756295,0.686075797561756295,0.686075797561756295,0.686075797561756295,0.686075797561756295,0.686075797561756295,0.686075797561756295,-0.686075797561756295,-0.686075797561756295,-0.686075797561756295,0.000173409820471358
6,full_diag_l0,2042,0.686075797561756295,0.686075797561756295,0.686075797561756295,0.686075797561756295,0.686075797561756295,0.686075797561756295,0.686075797561756295,0.686075797561756295,-0.686075797561756295,-0.686075797561756295,0.686075797561756295,0.000173409820471358
6,full_diag_l0,2043,0.686075797561756295,0.686075797561756295,0.686075797561756295,0.686075797561756295,0.686075797561756295,0.686075797561756295,0.686075797561756295,0.686075797561756295,-0.686075797561756295,0.686075797561756295,-0.686075797561756295,0.000173409820471358
6,full_diag_l0,2044,0.686075797561756295,0.686075797561756295,0.686075797561756295,0.686075797561756295,0.686075797561756295,0.686075797561756295,0.686075797561756295,0.686075797561756295,-0.686075797561756295,0.686075797561756295,0.686075797561756295,0.000173409820471358
6,full_diag_l0,2045,0.686075797561756295,0.686075797561756295,0.686075797561756295,0.686075797561756295,0.686075797561756295,0.686075797561756295,0.686075797561756295,0.686075797561756295,0.686075797561756295,-0.686075797561756295,-0.686075797561756295,0.000173409820471358
6,full_diag_l0,2046,0.686075797561756295,0.686075797561756295,0.686075797561756295,0.686075797561756295,0.686075797561756295,0.686075797561756295,0.686075797561756295,0.686075797561756295,0.686075797561756295,-0.686075797561756295,0.686075797561756295,0.000173409820471358
6,full_diag_l0,2047,0.686075797561756295,0.686075797561756295,0.686075797561756295,0.686075797561756295,0.686075797561756295,0.686075797561756295,0.686075797561756295,0.686075797561756295,0.686075797561756295,0.686075797561756295,-0.686075797561756295,0.000173409820471358
6,full_diag_l0,2048,0.686075797561756295,0.686075797561756295,0.686075797561756295,0.686075797561756295,0.686075797561756295,0.686075797561756295,0.686075797561756295,0.686075797561756295,0.686075797561756295,0.686075797561756295,0.686075797561756295,0.000173409820471358
